DBRep_DrawableShape

CASCADE Topology V1, (c) Matra-Datavision
Locations 1
1
              1               0               0               0 
              0               1               0               0 
              0               0               1               0 
Curve2ds 0
Curves 128
1 0 10 0 -0.99969859093447033 -0.024550504753148624 0 
1 -0.49067699999999997 9.9879499999999997 0 -0.99729153975397744 -0.073549879232672796 0 
1 -0.98017100000000001 9.9518500000000003 0 -0.99247993846235338 -0.1224074007148398 0 
1 -1.4673 9.8917699999999993 0 -0.98527508901977201 -0.17097660353709343 0 
1 -1.9509000000000001 9.8078500000000002 0 -0.97570238753821448 -0.21910009345554343 0 
1 -2.4298000000000002 9.70031 0 -0.96377636202495853 -0.26671168703665038 0 
1 -2.9028499999999999 9.5693999999999999 0 -0.94952946927385939 -0.31367783947946154 0 
1 -3.3689 9.4154400000000003 0 -0.93299491506657994 -0.35988955036219811 0 
1 -3.8268300000000002 9.2387999999999995 0 -0.91420514859477486 -0.40525170731633642 0 
1 -4.27555 9.0398899999999998 0 -0.89322600532838259 -0.44960794410808663 0 
1 -4.7139699999999998 8.81921 0 -0.87009267207351426 -0.49288816378968969 0 
1 -5.1410299999999998 8.5772899999999996 0 -0.84485069343991281 -0.53500215494341563 0 
1 -5.5556999999999999 8.3147000000000002 0 -0.81758510554803132 -0.5758077762465651 0 
1 -5.9569900000000002 8.0320800000000006 0 -0.78833747470381188 -0.61524306251888505 0 
1 -6.3439300000000003 7.7301000000000002 0 -0.75721501418553361 -0.65316569283146075 0 
1 -6.7155899999999997 7.40951 0 -0.72425226700681911 -0.68953509971246785 0 
1 -7.0710699999999997 7.0710699999999997 0 -0.68953509971246785 -0.72425226700681911 0 
1 -7.40951 6.7155899999999997 0 -0.65316569283146075 -0.75721501418553361 0 
1 -7.7301000000000002 6.3439300000000003 0 -0.61524306251888505 -0.78833747470381188 0 
1 -8.0320800000000006 5.9569900000000002 0 -0.5758077762465651 -0.81758510554803132 0 
1 -8.3147000000000002 5.5556999999999999 0 -0.53500215494341563 -0.84485069343991281 0 
1 -8.5772899999999996 5.1410299999999998 0 -0.49288816378968969 -0.87009267207351426 0 
1 -8.81921 4.7139699999999998 0 -0.44960794410808663 -0.89322600532838259 0 
1 -9.0398899999999998 4.27555 0 -0.40525170731633642 -0.91420514859477486 0 
1 -9.2387999999999995 3.8268300000000002 0 -0.35988955036219811 -0.93299491506657994 0 
1 -9.4154400000000003 3.3689 0 -0.31367783947946154 -0.94952946927385939 0 
1 -9.5693999999999999 2.9028499999999999 0 -0.26671168703665038 -0.96377636202495853 0 
1 -9.70031 2.4298000000000002 0 -0.21910009345554343 -0.97570238753821448 0 
1 -9.8078500000000002 1.9509000000000001 0 -0.17097660353709343 -0.98527508901977201 0 
1 -9.8917699999999993 1.4673 0 -0.1224074007148398 -0.99247993846235338 0 
1 -9.9518500000000003 0.98017100000000001 0 -0.073549879232672796 -0.99729153975397744 0 
1 -9.9879499999999997 0.49067699999999997 0 -0.024550504753148687 -0.99969859093447044 0 
1 -10 1.2246500000000001e-15 0 0.024550504753148565 -0.99969859093447044 0 
1 -9.9879499999999997 -0.49067699999999997 0 0.073549879232672796 -0.99729153975397744 0 
1 -9.9518500000000003 -0.98017100000000001 0 0.1224074007148398 -0.99247993846235338 0 
1 -9.8917699999999993 -1.4673 0 0.17097660353709343 -0.98527508901977201 0 
1 -9.8078500000000002 -1.9509000000000001 0 0.21910009345554343 -0.97570238753821448 0 
1 -9.70031 -2.4298000000000002 0 0.26671168703665038 -0.96377636202495853 0 
1 -9.5693999999999999 -2.9028499999999999 0 0.31367783947946154 -0.94952946927385939 0 
1 -9.4154400000000003 -3.3689 0 0.35988955036219811 -0.93299491506657994 0 
1 -9.2387999999999995 -3.8268300000000002 0 0.40525170731633642 -0.91420514859477486 0 
1 -9.0398899999999998 -4.27555 0 0.44960794410808663 -0.89322600532838259 0 
1 -8.81921 -4.7139699999999998 0 0.49288816378968969 -0.87009267207351426 0 
1 -8.5772899999999996 -5.1410299999999998 0 0.53500215494341563 -0.84485069343991281 0 
1 -8.3147000000000002 -5.5556999999999999 0 0.5758077762465651 -0.81758510554803132 0 
1 -8.0320800000000006 -5.9569900000000002 0 0.61524306251888505 -0.78833747470381188 0 
1 -7.7301000000000002 -6.3439300000000003 0 0.65316569283146075 -0.75721501418553361 0 
1 -7.40951 -6.7155899999999997 0 0.68953509971246785 -0.72425226700681911 0 
1 -7.0710699999999997 -7.0710699999999997 0 0.72425226700681911 -0.68953509971246785 0 
1 -6.7155899999999997 -7.40951 0 0.75721501418553361 -0.65316569283146075 0 
1 -6.3439300000000003 -7.7301000000000002 0 0.78833747470381188 -0.61524306251888505 0 
1 -5.9569900000000002 -8.0320800000000006 0 0.81758510554803132 -0.5758077762465651 0 
1 -5.5556999999999999 -8.3147000000000002 0 0.84485069343991281 -0.53500215494341563 0 
1 -5.1410299999999998 -8.5772899999999996 0 0.87009267207351426 -0.49288816378968969 0 
1 -4.7139699999999998 -8.81921 0 0.89322600532838259 -0.44960794410808663 0 
1 -4.27555 -9.0398899999999998 0 0.91420514859477486 -0.40525170731633642 0 
1 -3.8268300000000002 -9.2387999999999995 0 0.93299491506657994 -0.35988955036219811 0 
1 -3.3689 -9.4154400000000003 0 0.94952946927385939 -0.31367783947946154 0 
1 -2.9028499999999999 -9.5693999999999999 0 0.96377636202495853 -0.26671168703665038 0 
1 -2.4298000000000002 -9.70031 0 0.97570238753821448 -0.21910009345554343 0 
1 -1.9509000000000001 -9.8078500000000002 0 0.98527508901977201 -0.17097660353709343 0 
1 -1.4673 -9.8917699999999993 0 0.99247993846235338 -0.1224074007148398 0 
1 -0.98017100000000001 -9.9518500000000003 0 0.99729153975397744 -0.073549879232672796 0 
1 -0.49067699999999997 -9.9879499999999997 0 0.99969859093447044 -0.024550504753148718 0 
1 -1.8369699999999999e-15 -10 0 0.99969859093447044 0.024550504753148534 0 
1 0.49067699999999997 -9.9879499999999997 0 0.99729153975397744 0.073549879232672796 0 
1 0.98017100000000001 -9.9518500000000003 0 0.99247993846235338 0.1224074007148398 0 
1 1.4673 -9.8917699999999993 0 0.98527508901977201 0.17097660353709343 0 
1 1.9509000000000001 -9.8078500000000002 0 0.97570238753821448 0.21910009345554343 0 
1 2.4298000000000002 -9.70031 0 0.96377636202495853 0.26671168703665038 0 
1 2.9028499999999999 -9.5693999999999999 0 0.94952946927385939 0.31367783947946154 0 
1 3.3689 -9.4154400000000003 0 0.93299491506657994 0.35988955036219811 0 
1 3.8268300000000002 -9.2387999999999995 0 0.91420514859477486 0.40525170731633642 0 
1 4.27555 -9.0398899999999998 0 0.89322600532838259 0.44960794410808663 0 
1 4.7139699999999998 -8.81921 0 0.87009267207351426 0.49288816378968969 0 
1 5.1410299999999998 -8.5772899999999996 0 0.84485069343991281 0.53500215494341563 0 
1 5.5556999999999999 -8.3147000000000002 0 0.81758510554803132 0.5758077762465651 0 
1 5.9569900000000002 -8.0320800000000006 0 0.78833747470381188 0.61524306251888505 0 
1 6.3439300000000003 -7.7301000000000002 0 0.75721501418553361 0.65316569283146075 0 
1 6.7155899999999997 -7.40951 0 0.72425226700681911 0.68953509971246785 0 
1 7.0710699999999997 -7.0710699999999997 0 0.68953509971246785 0.72425226700681911 0 
1 7.40951 -6.7155899999999997 0 0.65316569283146075 0.75721501418553361 0 
1 7.7301000000000002 -6.3439300000000003 0 0.61524306251888505 0.78833747470381188 0 
1 8.0320800000000006 -5.9569900000000002 0 0.5758077762465651 0.81758510554803132 0 
1 8.3147000000000002 -5.5556999999999999 0 0.53500215494341563 0.84485069343991281 0 
1 8.5772899999999996 -5.1410299999999998 0 0.49288816378968969 0.87009267207351426 0 
1 8.81921 -4.7139699999999998 0 0.44960794410808663 0.89322600532838259 0 
1 9.0398899999999998 -4.27555 0 0.40525170731633642 0.91420514859477486 0 
1 9.2387999999999995 -3.8268300000000002 0 0.35988955036219811 0.93299491506657994 0 
1 9.4154400000000003 -3.3689 0 0.31367783947946154 0.94952946927385939 0 
1 9.5693999999999999 -2.9028499999999999 0 0.26671168703665038 0.96377636202495853 0 
1 9.70031 -2.4298000000000002 0 0.21910009345554343 0.97570238753821448 0 
1 9.8078500000000002 -1.9509000000000001 0 0.17097660353709343 0.98527508901977201 0 
1 9.8917699999999993 -1.4673 0 0.1224074007148398 0.99247993846235338 0 
1 9.9518500000000003 -0.98017100000000001 0 0.073549879232672796 0.99729153975397744 0 
1 9.9879499999999997 -0.49067699999999997 0 0.024550504753148749 0.99969859093447044 0 
1 10 -2.44929e-15 0 -0.024550504753148503 0.99969859093447044 0 
1 9.9879499999999997 0.49067699999999997 0 -0.073549879232672796 0.99729153975397744 0 
1 9.9518500000000003 0.98017100000000001 0 -0.1224074007148398 0.99247993846235338 0 
1 9.8917699999999993 1.4673 0 -0.17097660353709343 0.98527508901977201 0 
1 9.8078500000000002 1.9509000000000001 0 -0.21910009345554343 0.97570238753821448 0 
1 9.70031 2.4298000000000002 0 -0.26671168703665038 0.96377636202495853 0 
1 9.5693999999999999 2.9028499999999999 0 -0.31367783947946154 0.94952946927385939 0 
1 9.4154400000000003 3.3689 0 -0.35988955036219811 0.93299491506657994 0 
1 9.2387999999999995 3.8268300000000002 0 -0.40525170731633642 0.91420514859477486 0 
1 9.0398899999999998 4.27555 0 -0.44960794410808663 0.89322600532838259 0 
1 8.81921 4.7139699999999998 0 -0.49288816378968969 0.87009267207351426 0 
1 8.5772899999999996 5.1410299999999998 0 -0.53500215494341563 0.84485069343991281 0 
1 8.3147000000000002 5.5556999999999999 0 -0.5758077762465651 0.81758510554803132 0 
1 8.0320800000000006 5.9569900000000002 0 -0.61524306251888505 0.78833747470381188 0 
1 7.7301000000000002 6.3439300000000003 0 -0.65316569283146075 0.75721501418553361 0 
1 7.40951 6.7155899999999997 0 -0.68953509971246785 0.72425226700681911 0 
1 7.0710699999999997 7.0710699999999997 0 -0.72425226700681911 0.68953509971246785 0 
1 6.7155899999999997 7.40951 0 -0.75721501418553361 0.65316569283146075 0 
1 6.3439300000000003 7.7301000000000002 0 -0.78833747470381188 0.61524306251888505 0 
1 5.9569900000000002 8.0320800000000006 0 -0.81758510554803132 0.5758077762465651 0 
1 5.5556999999999999 8.3147000000000002 0 -0.84485069343991281 0.53500215494341563 0 
1 5.1410299999999998 8.5772899999999996 0 -0.87009267207351426 0.49288816378968969 0 
1 4.7139699999999998 8.81921 0 -0.89322600532838259 0.44960794410808663 0 
1 4.27555 9.0398899999999998 0 -0.91420514859477486 0.40525170731633642 0 
1 3.8268300000000002 9.2387999999999995 0 -0.93299491506657994 0.35988955036219811 0 
1 3.3689 9.4154400000000003 0 -0.94952946927385939 0.31367783947946154 0 
1 2.9028499999999999 9.5693999999999999 0 -0.96377636202495853 0.26671168703665038 0 
1 2.4298000000000002 9.70031 0 -0.97570238753821448 0.21910009345554343 0 
1 1.9509000000000001 9.8078500000000002 0 -0.98527508901977201 0.17097660353709343 0 
1 1.4673 9.8917699999999993 0 -0.99247993846235338 0.1224074007148398 0 
1 0.98017100000000001 9.9518500000000003 0 -0.99729153975397744 0.073549879232672796 0 
1 0.49067699999999997 9.9879499999999997 0 -0.99969859093447033 0.024550504753148624 0 
Polygon3D 0
PolygonOnTriangulations 128
2 1 2 
p 0.0666666666666667 1 0 0.490824939086229 
2 2 3 
p 0.0666666666666667 1 0 0.490823375600633 
2 3 4 
p 0.0666666666666667 1 0 0.490819996578175 
2 4 5 
p 0.0666666666666667 1 0 0.490827389618794 
2 5 6 
p 0.0666666666666667 1 0 0.49082589744226 
2 6 7 
p 0.0666666666666667 1 0 0.490829635005874 
2 7 8 
p 0.0666666666666667 1 0 0.49082204932134 
2 8 9 
p 0.0666666666666667 1 0 0.490817251632418 
2 9 10 
p 0.0666666666666667 1 0 0.49083075137974 
2 10 11 
p 0.0666666666666667 1 0 0.490827626361842 
2 11 12 
p 0.0666666666666667 1 0 0.490821281119717 
2 12 13 
p 0.0666666666666667 1 0 0.49082045291532 
2 13 14 
p 0.0666666666666667 1 0 0.490823520728174 
2 14 15 
p 0.0666666666666667 1 0 0.490830402481346 
2 15 16 
p 0.0666666666666667 1 0 0.490824921637033 
2 16 17 
p 0.0666666666666667 1 0 0.490823455022272 
2 17 18 
p 0.0666666666666667 1 0 0.490823455022272 
2 18 19 
p 0.0666666666666667 1 0 0.490824921637033 
2 19 20 
p 0.0666666666666667 1 0 0.490830402481346 
2 20 21 
p 0.0666666666666667 1 0 0.490823520728174 
2 21 22 
p 0.0666666666666667 1 0 0.49082045291532 
2 22 23 
p 0.0666666666666667 1 0 0.490821281119717 
2 23 24 
p 0.0666666666666667 1 0 0.490827626361842 
2 24 25 
p 0.0666666666666667 1 0 0.49083075137974 
2 25 26 
p 0.0666666666666667 1 0 0.490817251632418 
2 26 27 
p 0.0666666666666667 1 0 0.49082204932134 
2 27 28 
p 0.0666666666666667 1 0 0.490829635005874 
2 28 29 
p 0.0666666666666667 1 0 0.49082589744226 
2 29 30 
p 0.0666666666666667 1 0 0.490827389618794 
2 30 31 
p 0.0666666666666667 1 0 0.490819996578175 
2 31 32 
p 0.0666666666666667 1 0 0.490823375600633 
2 32 33 
p 0.0666666666666667 1 0 0.490824939086227 
2 33 34 
p 0.0666666666666667 1 0 0.49082493908623 
2 34 35 
p 0.0666666666666667 1 0 0.490823375600633 
2 35 36 
p 0.0666666666666667 1 0 0.490819996578175 
2 36 37 
p 0.0666666666666667 1 0 0.490827389618794 
2 37 38 
p 0.0666666666666667 1 0 0.49082589744226 
2 38 39 
p 0.0666666666666667 1 0 0.490829635005874 
2 39 40 
p 0.0666666666666667 1 0 0.49082204932134 
2 40 41 
p 0.0666666666666667 1 0 0.490817251632418 
2 41 42 
p 0.0666666666666667 1 0 0.49083075137974 
2 42 43 
p 0.0666666666666667 1 0 0.490827626361842 
2 43 44 
p 0.0666666666666667 1 0 0.490821281119717 
2 44 45 
p 0.0666666666666667 1 0 0.49082045291532 
2 45 46 
p 0.0666666666666667 1 0 0.490823520728174 
2 46 47 
p 0.0666666666666667 1 0 0.490830402481346 
2 47 48 
p 0.0666666666666667 1 0 0.490824921637033 
2 48 49 
p 0.0666666666666667 1 0 0.490823455022272 
2 49 50 
p 0.0666666666666667 1 0 0.490823455022272 
2 50 51 
p 0.0666666666666667 1 0 0.490824921637033 
2 51 52 
p 0.0666666666666667 1 0 0.490830402481346 
2 52 53 
p 0.0666666666666667 1 0 0.490823520728174 
2 53 54 
p 0.0666666666666667 1 0 0.49082045291532 
2 54 55 
p 0.0666666666666667 1 0 0.490821281119717 
2 55 56 
p 0.0666666666666667 1 0 0.490827626361842 
2 56 57 
p 0.0666666666666667 1 0 0.49083075137974 
2 57 58 
p 0.0666666666666667 1 0 0.490817251632418 
2 58 59 
p 0.0666666666666667 1 0 0.49082204932134 
2 59 60 
p 0.0666666666666667 1 0 0.490829635005874 
2 60 61 
p 0.0666666666666667 1 0 0.49082589744226 
2 61 62 
p 0.0666666666666667 1 0 0.490827389618794 
2 62 63 
p 0.0666666666666667 1 0 0.490819996578175 
2 63 64 
p 0.0666666666666667 1 0 0.490823375600633 
2 64 65 
p 0.0666666666666667 1 0 0.490824939086227 
2 65 66 
p 0.0666666666666667 1 0 0.49082493908623 
2 66 67 
p 0.0666666666666667 1 0 0.490823375600633 
2 67 68 
p 0.0666666666666667 1 0 0.490819996578175 
2 68 69 
p 0.0666666666666667 1 0 0.490827389618794 
2 69 70 
p 0.0666666666666667 1 0 0.49082589744226 
2 70 71 
p 0.0666666666666667 1 0 0.490829635005874 
2 71 72 
p 0.0666666666666667 1 0 0.49082204932134 
2 72 73 
p 0.0666666666666667 1 0 0.490817251632418 
2 73 74 
p 0.0666666666666667 1 0 0.49083075137974 
2 74 75 
p 0.0666666666666667 1 0 0.490827626361842 
2 75 76 
p 0.0666666666666667 1 0 0.490821281119717 
2 76 77 
p 0.0666666666666667 1 0 0.49082045291532 
2 77 78 
p 0.0666666666666667 1 0 0.490823520728174 
2 78 79 
p 0.0666666666666667 1 0 0.490830402481346 
2 79 80 
p 0.0666666666666667 1 0 0.490824921637033 
2 80 81 
p 0.0666666666666667 1 0 0.490823455022272 
2 81 82 
p 0.0666666666666667 1 0 0.490823455022272 
2 82 83 
p 0.0666666666666667 1 0 0.490824921637033 
2 83 84 
p 0.0666666666666667 1 0 0.490830402481346 
2 84 85 
p 0.0666666666666667 1 0 0.490823520728174 
2 85 86 
p 0.0666666666666667 1 0 0.49082045291532 
2 86 87 
p 0.0666666666666667 1 0 0.490821281119717 
2 87 88 
p 0.0666666666666667 1 0 0.490827626361842 
2 88 89 
p 0.0666666666666667 1 0 0.49083075137974 
2 89 90 
p 0.0666666666666667 1 0 0.490817251632418 
2 90 91 
p 0.0666666666666667 1 0 0.49082204932134 
2 91 92 
p 0.0666666666666667 1 0 0.490829635005874 
2 92 93 
p 0.0666666666666667 1 0 0.49082589744226 
2 93 94 
p 0.0666666666666667 1 0 0.490827389618794 
2 94 95 
p 0.0666666666666667 1 0 0.490819996578175 
2 95 96 
p 0.0666666666666667 1 0 0.490823375600633 
2 96 97 
p 0.0666666666666667 1 0 0.490824939086226 
2 97 98 
p 0.0666666666666667 1 0 0.490824939086231 
2 98 99 
p 0.0666666666666667 1 0 0.490823375600633 
2 99 100 
p 0.0666666666666667 1 0 0.490819996578175 
2 100 101 
p 0.0666666666666667 1 0 0.490827389618794 
2 101 102 
p 0.0666666666666667 1 0 0.49082589744226 
2 102 103 
p 0.0666666666666667 1 0 0.490829635005874 
2 103 104 
p 0.0666666666666667 1 0 0.49082204932134 
2 104 105 
p 0.0666666666666667 1 0 0.490817251632418 
2 105 106 
p 0.0666666666666667 1 0 0.49083075137974 
2 106 107 
p 0.0666666666666667 1 0 0.490827626361842 
2 107 108 
p 0.0666666666666667 1 0 0.490821281119717 
2 108 109 
p 0.0666666666666667 1 0 0.49082045291532 
2 109 110 
p 0.0666666666666667 1 0 0.490823520728174 
2 110 111 
p 0.0666666666666667 1 0 0.490830402481346 
2 111 112 
p 0.0666666666666667 1 0 0.490824921637033 
2 112 113 
p 0.0666666666666667 1 0 0.490823455022272 
2 113 114 
p 0.0666666666666667 1 0 0.490823455022272 
2 114 115 
p 0.0666666666666667 1 0 0.490824921637033 
2 115 116 
p 0.0666666666666667 1 0 0.490830402481346 
2 116 117 
p 0.0666666666666667 1 0 0.490823520728174 
2 117 118 
p 0.0666666666666667 1 0 0.49082045291532 
2 118 119 
p 0.0666666666666667 1 0 0.490821281119717 
2 119 120 
p 0.0666666666666667 1 0 0.490827626361842 
2 120 121 
p 0.0666666666666667 1 0 0.49083075137974 
2 121 122 
p 0.0666666666666667 1 0 0.490817251632418 
2 122 123 
p 0.0666666666666667 1 0 0.49082204932134 
2 123 124 
p 0.0666666666666667 1 0 0.490829635005874 
2 124 125 
p 0.0666666666666667 1 0 0.49082589744226 
2 125 126 
p 0.0666666666666667 1 0 0.490827389618794 
2 126 127 
p 0.0666666666666667 1 0 0.490819996578175 
2 127 128 
p 0.0666666666666667 1 0 0.490823375600633 
2 128 1 
p 0.0666666666666667 1 0 0.490824939086229 
Surfaces 1
1 9.7348001141251974e-16 9.1891918481417797e-17 0 0 0 1 1 0 -0 -0 1 0 
Triangulations 1
128 126 1 0.0666666666666667
0 10 0 -0.490677 9.98795 0 -0.980171 9.95185 0 -1.4673 9.89177 0 -1.9509 9.80785 0 -2.4298 9.70031 0 -2.90285 9.5694 0 -3.3689 9.41544 0 -3.82683 9.2388 0 -4.27555 9.03989 0 -4.71397 8.81921 0 -5.14103 8.57729 0 -5.5557 8.3147 0 -5.95699 8.03208 0 -6.34393 7.7301 0 -6.71559 7.40951 0 -7.07107 7.07107 0 -7.40951 6.71559 0 -7.7301 6.34393 0 -8.03208 5.95699 0 -8.3147 5.5557 0 -8.57729 5.14103 0 -8.81921 4.71397 0 -9.03989 4.27555 0 -9.2388 3.82683 0 -9.41544 3.3689 0 -9.5694 2.90285 0 -9.70031 2.4298 0 -9.80785 1.9509 0 -9.89177 1.4673 0 -9.95185 0.980171 0 -9.98795 0.490677 0 -10 1.22465e-15 0 -9.98795 -0.490677 0 -9.95185 -0.980171 0 -9.89177 -1.4673 0 -9.80785 -1.9509 0 -9.70031 -2.4298 0 -9.5694 -2.90285 0 -9.41544 -3.3689 0 -9.2388 -3.82683 0 -9.03989 -4.27555 0 -8.81921 -4.71397 0 -8.57729 -5.14103 0 -8.3147 -5.5557 0 -8.03208 -5.95699 0 -7.7301 -6.34393 0 -7.40951 -6.71559 0 -7.07107 -7.07107 0 -6.71559 -7.40951 0 -6.34393 -7.7301 0 -5.95699 -8.03208 0 -5.5557 -8.3147 0 -5.14103 -8.57729 0 -4.71397 -8.81921 0 -4.27555 -9.03989 0 -3.82683 -9.2388 0 -3.3689 -9.41544 0 -2.90285 -9.5694 0 -2.4298 -9.70031 0 -1.9509 -9.80785 0 -1.4673 -9.89177 0 -0.980171 -9.95185 0 -0.490677 -9.98795 0 -1.83697e-15 -10 0 0.490677 -9.98795 0 0.980171 -9.95185 0 1.4673 -9.89177 0 1.9509 -9.80785 0 2.4298 -9.70031 0 2.90285 -9.5694 0 3.3689 -9.41544 0 3.82683 -9.2388 0 4.27555 -9.03989 0 4.71397 -8.81921 0 5.14103 -8.57729 0 5.5557 -8.3147 0 5.95699 -8.03208 0 6.34393 -7.7301 0 6.71559 -7.40951 0 7.07107 -7.07107 0 7.40951 -6.71559 0 7.7301 -6.34393 0 8.03208 -5.95699 0 8.3147 -5.5557 0 8.57729 -5.14103 0 8.81921 -4.71397 0 9.03989 -4.27555 0 9.2388 -3.82683 0 9.41544 -3.3689 0 9.5694 -2.90285 0 9.70031 -2.4298 0 9.80785 -1.9509 0 9.89177 -1.4673 0 9.95185 -0.980171 0 9.98795 -0.490677 0 10 -2.44929e-15 0 9.98795 0.490677 0 9.95185 0.980171 0 9.89177 1.4673 0 9.80785 1.9509 0 9.70031 2.4298 0 9.5694 2.90285 0 9.41544 3.3689 0 9.2388 3.82683 0 9.03989 4.27555 0 8.81921 4.71397 0 8.57729 5.14103 0 8.3147 5.5557 0 8.03208 5.95699 0 7.7301 6.34393 0 7.40951 6.71559 0 7.07107 7.07107 0 6.71559 7.40951 0 6.34393 7.7301 0 5.95699 8.03208 0 5.5557 8.3147 0 5.14103 8.57729 0 4.71397 8.81921 0 4.27555 9.03989 0 3.82683 9.2388 0 3.3689 9.41544 0 2.90285 9.5694 0 2.4298 9.70031 0 1.9509 9.80785 0 1.4673 9.89177 0 0.980171 9.95185 0 0.490677 9.98795 0 -1.77635683940025e-15 10 -0.490677000000002 9.98795 -0.980171 9.95185 -1.4673 9.89177 -1.9509 9.80785 -2.4298 9.70031 -2.90285 9.5694 -3.3689 9.41544 -3.82683 9.2388 -4.27555 9.03989 -4.71397 8.81921 -5.14103 8.57729 -5.5557 8.3147 -5.95699 8.03208 -6.34393 7.7301 -6.71559 7.40951 -7.07107 7.07107 -7.40951 6.71559 -7.7301 6.34393 -8.03208 5.95699 -8.3147 5.5557 -8.57729 5.14103 -8.81921 4.71397 -9.03989 4.27555 -9.2388 3.82683 -9.41544 3.3689 -9.5694 2.90285 -9.70031 2.4298 -9.80785 1.9509 -9.89177 1.4673 -9.95185 0.980171 -9.98795 0.490677 -10 1.77635683940025e-15 -9.98795 -0.490677 -9.95185 -0.980171 -9.89177 -1.4673 -9.80785 -1.9509 -9.70031 -2.4298 -9.5694 -2.90285 -9.41544 -3.3689 -9.2388 -3.82683 -9.03989 -4.27555 -8.81921 -4.71397 -8.57729 -5.14103 -8.3147 -5.5557 -8.03208 -5.95699 -7.7301 -6.34393 -7.40951 -6.71559 -7.07107 -7.07107 -6.71559 -7.40951 -6.34393 -7.7301 -5.95699 -8.03208 -5.5557 -8.3147 -5.14103 -8.57729 -4.71397 -8.81921 -4.27555 -9.03989 -3.82683 -9.2388 -3.3689 -9.41544 -2.90285 -9.5694 -2.4298 -9.70031 -1.9509 -9.80785 -1.4673 -9.89177 -0.980171 -9.95185 -0.490677000000002 -9.98795 -3.5527136788005e-15 -10 0.490677 -9.98795 0.980170999999999 -9.95185 1.4673 -9.89177 1.9509 -9.80785 2.4298 -9.70031 2.90285 -9.5694 3.3689 -9.41544 3.82683 -9.2388 4.27555 -9.03989 4.71397 -8.81921 5.14103 -8.57729 5.5557 -8.3147 5.95699 -8.03208 6.34393 -7.7301 6.71559 -7.40951 7.07107 -7.07107 7.40951 -6.71559 7.7301 -6.34393 8.03208 -5.95699 8.3147 -5.5557 8.57729 -5.14103 8.81921 -4.71397 9.03989 -4.27555 9.2388 -3.82683 9.41544 -3.3689 9.5694 -2.90285 9.70031 -2.4298 9.80785 -1.9509 9.89177 -1.4673 9.95185 -0.980171 9.98795 -0.490677 10 -1.77635683940025e-15 9.98795 0.490677 9.95185 0.980171 9.89177 1.4673 9.80785 1.9509 9.70031 2.4298 9.5694 2.90285 9.41544 3.3689 9.2388 3.82683 9.03989 4.27555 8.81921 4.71397 8.57729 5.14103 8.3147 5.5557 8.03208 5.95699 7.7301 6.34393 7.40951 6.71559 7.07107 7.07107 6.71559 7.40951 6.34393 7.7301 5.95699 8.03208 5.5557 8.3147 5.14103 8.57729 4.71397 8.81921 4.27555 9.03989 3.82683 9.2388 3.3689 9.41544 2.90285 9.5694 2.4298 9.70031 1.9509 9.80785 1.4673 9.89177 0.980170999999999 9.95185 0.490677 9.98795 48 49 50 51 48 50 51 47 48 45 46 47 53 51 52 43 45 47 43 44 45 55 51 53 55 53 54 42 43 47 56 51 55 40 41 42 58 56 57 39 40 42 59 56 58 38 39 42 60 56 59 37 42 47 37 38 42 61 51 56 61 56 60 35 36 37 63 61 62 34 37 47 34 35 37 64 51 61 64 61 63 32 33 34 66 64 65 29 30 31 29 31 32 69 66 67 69 67 68 24 25 26 24 26 27 24 27 28 24 28 29 74 69 70 74 70 71 74 71 72 74 72 73 77 75 76 21 22 23 19 29 32 19 20 21 19 23 24 19 24 29 19 21 23 19 34 47 19 32 34 79 64 66 79 66 69 79 69 74 79 47 51 79 75 77 79 74 75 79 77 78 79 51 64 82 80 81 16 17 18 16 18 19 15 47 79 15 16 19 15 19 47 83 80 82 83 79 80 85 83 84 13 14 15 11 12 13 11 13 15 87 83 85 87 85 86 88 83 87 10 11 15 90 88 89 8 9 10 7 8 10 91 88 90 6 7 10 92 88 91 93 88 92 93 83 88 5 10 15 5 6 10 3 4 5 95 93 94 96 83 93 96 93 95 2 5 15 2 3 5 98 83 96 98 96 97 128 1 2 125 126 127 125 127 128 101 98 99 101 99 100 106 101 102 106 102 103 106 103 104 106 104 105 120 121 122 120 122 123 120 123 124 120 124 125 117 118 119 109 107 108 115 116 117 115 2 15 115 119 120 115 128 2 115 120 125 115 125 128 115 117 119 111 106 107 111 109 110 111 83 98 111 98 101 111 15 79 111 101 106 111 115 15 111 107 109 111 79 83 112 114 115 112 115 111 113 114 112 

TShapes 258
Ve
1e-07
0 10 0
0 0

0101101
*
Ve
1e-07
-0.490677 9.98795 0
0 0

0101101
*
Ed
 1e-07 1 1 0
1  1 0 0 0.490824939086229
6  1 1 0
0

0101000
+258 0 -257 0 *
Ve
1e-07
-0.980171 9.95185 0
0 0

0101101
*
Ed
 1e-07 1 1 0
1  2 0 0 0.490823375600633
6  2 1 0
0

0101000
+257 0 -255 0 *
Ve
1e-07
-1.4673 9.89177 0
0 0

0101101
*
Ed
 1e-07 1 1 0
1  3 0 0 0.490819996578175
6  3 1 0
0

0101000
+255 0 -253 0 *
Ve
1e-07
-1.9509 9.80785 0
0 0

0101101
*
Ed
 1e-07 1 1 0
1  4 0 0 0.490827389618794
6  4 1 0
0

0101000
+253 0 -251 0 *
Ve
1e-07
-2.4298 9.70031 0
0 0

0101101
*
Ed
 1e-07 1 1 0
1  5 0 0 0.49082589744226
6  5 1 0
0

0101000
+251 0 -249 0 *
Ve
1e-07
-2.90285 9.5694 0
0 0

0101101
*
Ed
 1e-07 1 1 0
1  6 0 0 0.490829635005874
6  6 1 0
0

0101000
+249 0 -247 0 *
Ve
1e-07
-3.3689 9.41544 0
0 0

0101101
*
Ed
 1e-07 1 1 0
1  7 0 0 0.49082204932134
6  7 1 0
0

0101000
+247 0 -245 0 *
Ve
1e-07
-3.82683 9.2388 0
0 0

0101101
*
Ed
 1e-07 1 1 0
1  8 0 0 0.490817251632418
6  8 1 0
0

0101000
+245 0 -243 0 *
Ve
1e-07
-4.27555 9.03989 0
0 0

0101101
*
Ed
 1e-07 1 1 0
1  9 0 0 0.49083075137974
6  9 1 0
0

0101000
+243 0 -241 0 *
Ve
1e-07
-4.71397 8.81921 0
0 0

0101101
*
Ed
 1e-07 1 1 0
1  10 0 0 0.490827626361842
6  10 1 0
0

0101000
+241 0 -239 0 *
Ve
1e-07
-5.14103 8.57729 0
0 0

0101101
*
Ed
 1e-07 1 1 0
1  11 0 0 0.490821281119717
6  11 1 0
0

0101000
+239 0 -237 0 *
Ve
1e-07
-5.5557 8.3147 0
0 0

0101101
*
Ed
 1e-07 1 1 0
1  12 0 0 0.49082045291532
6  12 1 0
0

0101000
+237 0 -235 0 *
Ve
1e-07
-5.95699 8.03208 0
0 0

0101101
*
Ed
 1e-07 1 1 0
1  13 0 0 0.490823520728174
6  13 1 0
0

0101000
+235 0 -233 0 *
Ve
1e-07
-6.34393 7.7301 0
0 0

0101101
*
Ed
 1e-07 1 1 0
1  14 0 0 0.490830402481346
6  14 1 0
0

0101000
+233 0 -231 0 *
Ve
1e-07
-6.71559 7.40951 0
0 0

0101101
*
Ed
 1e-07 1 1 0
1  15 0 0 0.490824921637033
6  15 1 0
0

0101000
+231 0 -229 0 *
Ve
1e-07
-7.07107 7.07107 0
0 0

0101101
*
Ed
 1e-07 1 1 0
1  16 0 0 0.490823455022272
6  16 1 0
0

0101000
+229 0 -227 0 *
Ve
1e-07
-7.40951 6.71559 0
0 0

0101101
*
Ed
 1e-07 1 1 0
1  17 0 0 0.490823455022272
6  17 1 0
0

0101000
+227 0 -225 0 *
Ve
1e-07
-7.7301 6.34393 0
0 0

0101101
*
Ed
 1e-07 1 1 0
1  18 0 0 0.490824921637033
6  18 1 0
0

0101000
+225 0 -223 0 *
Ve
1e-07
-8.03208 5.95699 0
0 0

0101101
*
Ed
 1e-07 1 1 0
1  19 0 0 0.490830402481346
6  19 1 0
0

0101000
+223 0 -221 0 *
Ve
1e-07
-8.3147 5.5557 0
0 0

0101101
*
Ed
 1e-07 1 1 0
1  20 0 0 0.490823520728174
6  20 1 0
0

0101000
+221 0 -219 0 *
Ve
1e-07
-8.57729 5.14103 0
0 0

0101101
*
Ed
 1e-07 1 1 0
1  21 0 0 0.49082045291532
6  21 1 0
0

0101000
+219 0 -217 0 *
Ve
1e-07
-8.81921 4.71397 0
0 0

0101101
*
Ed
 1e-07 1 1 0
1  22 0 0 0.490821281119717
6  22 1 0
0

0101000
+217 0 -215 0 *
Ve
1e-07
-9.03989 4.27555 0
0 0

0101101
*
Ed
 1e-07 1 1 0
1  23 0 0 0.490827626361842
6  23 1 0
0

0101000
+215 0 -213 0 *
Ve
1e-07
-9.2388 3.82683 0
0 0

0101101
*
Ed
 1e-07 1 1 0
1  24 0 0 0.49083075137974
6  24 1 0
0

0101000
+213 0 -211 0 *
Ve
1e-07
-9.41544 3.3689 0
0 0

0101101
*
Ed
 1e-07 1 1 0
1  25 0 0 0.490817251632418
6  25 1 0
0

0101000
+211 0 -209 0 *
Ve
1e-07
-9.5694 2.90285 0
0 0

0101101
*
Ed
 1e-07 1 1 0
1  26 0 0 0.49082204932134
6  26 1 0
0

0101000
+209 0 -207 0 *
Ve
1e-07
-9.70031 2.4298 0
0 0

0101101
*
Ed
 1e-07 1 1 0
1  27 0 0 0.490829635005874
6  27 1 0
0

0101000
+207 0 -205 0 *
Ve
1e-07
-9.80785 1.9509 0
0 0

0101101
*
Ed
 1e-07 1 1 0
1  28 0 0 0.49082589744226
6  28 1 0
0

0101000
+205 0 -203 0 *
Ve
1e-07
-9.89177 1.4673 0
0 0

0101101
*
Ed
 1e-07 1 1 0
1  29 0 0 0.490827389618794
6  29 1 0
0

0101000
+203 0 -201 0 *
Ve
1e-07
-9.95185 0.980171 0
0 0

0101101
*
Ed
 1e-07 1 1 0
1  30 0 0 0.490819996578175
6  30 1 0
0

0101000
+201 0 -199 0 *
Ve
1e-07
-9.98795 0.490677 0
0 0

0101101
*
Ed
 1e-07 1 1 0
1  31 0 0 0.490823375600633
6  31 1 0
0

0101000
+199 0 -197 0 *
Ve
1e-07
-10 1.22465e-15 0
0 0

0101101
*
Ed
 1e-07 1 1 0
1  32 0 0 0.490824939086227
6  32 1 0
0

0101000
+197 0 -195 0 *
Ve
1e-07
-9.98795 -0.490677 0
0 0

0101101
*
Ed
 1e-07 1 1 0
1  33 0 0 0.49082493908623
6  33 1 0
0

0101000
+195 0 -193 0 *
Ve
1e-07
-9.95185 -0.980171 0
0 0

0101101
*
Ed
 1e-07 1 1 0
1  34 0 0 0.490823375600633
6  34 1 0
0

0101000
+193 0 -191 0 *
Ve
1e-07
-9.89177 -1.4673 0
0 0

0101101
*
Ed
 1e-07 1 1 0
1  35 0 0 0.490819996578175
6  35 1 0
0

0101000
+191 0 -189 0 *
Ve
1e-07
-9.80785 -1.9509 0
0 0

0101101
*
Ed
 1e-07 1 1 0
1  36 0 0 0.490827389618794
6  36 1 0
0

0101000
+189 0 -187 0 *
Ve
1e-07
-9.70031 -2.4298 0
0 0

0101101
*
Ed
 1e-07 1 1 0
1  37 0 0 0.49082589744226
6  37 1 0
0

0101000
+187 0 -185 0 *
Ve
1e-07
-9.5694 -2.90285 0
0 0

0101101
*
Ed
 1e-07 1 1 0
1  38 0 0 0.490829635005874
6  38 1 0
0

0101000
+185 0 -183 0 *
Ve
1e-07
-9.41544 -3.3689 0
0 0

0101101
*
Ed
 1e-07 1 1 0
1  39 0 0 0.49082204932134
6  39 1 0
0

0101000
+183 0 -181 0 *
Ve
1e-07
-9.2388 -3.82683 0
0 0

0101101
*
Ed
 1e-07 1 1 0
1  40 0 0 0.490817251632418
6  40 1 0
0

0101000
+181 0 -179 0 *
Ve
1e-07
-9.03989 -4.27555 0
0 0

0101101
*
Ed
 1e-07 1 1 0
1  41 0 0 0.49083075137974
6  41 1 0
0

0101000
+179 0 -177 0 *
Ve
1e-07
-8.81921 -4.71397 0
0 0

0101101
*
Ed
 1e-07 1 1 0
1  42 0 0 0.490827626361842
6  42 1 0
0

0101000
+177 0 -175 0 *
Ve
1e-07
-8.57729 -5.14103 0
0 0

0101101
*
Ed
 1e-07 1 1 0
1  43 0 0 0.490821281119717
6  43 1 0
0

0101000
+175 0 -173 0 *
Ve
1e-07
-8.3147 -5.5557 0
0 0

0101101
*
Ed
 1e-07 1 1 0
1  44 0 0 0.49082045291532
6  44 1 0
0

0101000
+173 0 -171 0 *
Ve
1e-07
-8.03208 -5.95699 0
0 0

0101101
*
Ed
 1e-07 1 1 0
1  45 0 0 0.490823520728174
6  45 1 0
0

0101000
+171 0 -169 0 *
Ve
1e-07
-7.7301 -6.34393 0
0 0

0101101
*
Ed
 1e-07 1 1 0
1  46 0 0 0.490830402481346
6  46 1 0
0

0101000
+169 0 -167 0 *
Ve
1e-07
-7.40951 -6.71559 0
0 0

0101101
*
Ed
 1e-07 1 1 0
1  47 0 0 0.490824921637033
6  47 1 0
0

0101000
+167 0 -165 0 *
Ve
1e-07
-7.07107 -7.07107 0
0 0

0101101
*
Ed
 1e-07 1 1 0
1  48 0 0 0.490823455022272
6  48 1 0
0

0101000
+165 0 -163 0 *
Ve
1e-07
-6.71559 -7.40951 0
0 0

0101101
*
Ed
 1e-07 1 1 0
1  49 0 0 0.490823455022272
6  49 1 0
0

0101000
+163 0 -161 0 *
Ve
1e-07
-6.34393 -7.7301 0
0 0

0101101
*
Ed
 1e-07 1 1 0
1  50 0 0 0.490824921637033
6  50 1 0
0

0101000
+161 0 -159 0 *
Ve
1e-07
-5.95699 -8.03208 0
0 0

0101101
*
Ed
 1e-07 1 1 0
1  51 0 0 0.490830402481346
6  51 1 0
0

0101000
+159 0 -157 0 *
Ve
1e-07
-5.5557 -8.3147 0
0 0

0101101
*
Ed
 1e-07 1 1 0
1  52 0 0 0.490823520728174
6  52 1 0
0

0101000
+157 0 -155 0 *
Ve
1e-07
-5.14103 -8.57729 0
0 0

0101101
*
Ed
 1e-07 1 1 0
1  53 0 0 0.49082045291532
6  53 1 0
0

0101000
+155 0 -153 0 *
Ve
1e-07
-4.71397 -8.81921 0
0 0

0101101
*
Ed
 1e-07 1 1 0
1  54 0 0 0.490821281119717
6  54 1 0
0

0101000
+153 0 -151 0 *
Ve
1e-07
-4.27555 -9.03989 0
0 0

0101101
*
Ed
 1e-07 1 1 0
1  55 0 0 0.490827626361842
6  55 1 0
0

0101000
+151 0 -149 0 *
Ve
1e-07
-3.82683 -9.2388 0
0 0

0101101
*
Ed
 1e-07 1 1 0
1  56 0 0 0.49083075137974
6  56 1 0
0

0101000
+149 0 -147 0 *
Ve
1e-07
-3.3689 -9.41544 0
0 0

0101101
*
Ed
 1e-07 1 1 0
1  57 0 0 0.490817251632418
6  57 1 0
0

0101000
+147 0 -145 0 *
Ve
1e-07
-2.90285 -9.5694 0
0 0

0101101
*
Ed
 1e-07 1 1 0
1  58 0 0 0.49082204932134
6  58 1 0
0

0101000
+145 0 -143 0 *
Ve
1e-07
-2.4298 -9.70031 0
0 0

0101101
*
Ed
 1e-07 1 1 0
1  59 0 0 0.490829635005874
6  59 1 0
0

0101000
+143 0 -141 0 *
Ve
1e-07
-1.9509 -9.80785 0
0 0

0101101
*
Ed
 1e-07 1 1 0
1  60 0 0 0.49082589744226
6  60 1 0
0

0101000
+141 0 -139 0 *
Ve
1e-07
-1.4673 -9.89177 0
0 0

0101101
*
Ed
 1e-07 1 1 0
1  61 0 0 0.490827389618794
6  61 1 0
0

0101000
+139 0 -137 0 *
Ve
1e-07
-0.980171 -9.95185 0
0 0

0101101
*
Ed
 1e-07 1 1 0
1  62 0 0 0.490819996578175
6  62 1 0
0

0101000
+137 0 -135 0 *
Ve
1e-07
-0.490677 -9.98795 0
0 0

0101101
*
Ed
 1e-07 1 1 0
1  63 0 0 0.490823375600633
6  63 1 0
0

0101000
+135 0 -133 0 *
Ve
1e-07
-1.83697e-15 -10 0
0 0

0101101
*
Ed
 1e-07 1 1 0
1  64 0 0 0.490824939086227
6  64 1 0
0

0101000
+133 0 -131 0 *
Ve
1e-07
0.490677 -9.98795 0
0 0

0101101
*
Ed
 1e-07 1 1 0
1  65 0 0 0.49082493908623
6  65 1 0
0

0101000
+131 0 -129 0 *
Ve
1e-07
0.980171 -9.95185 0
0 0

0101101
*
Ed
 1e-07 1 1 0
1  66 0 0 0.490823375600633
6  66 1 0
0

0101000
+129 0 -127 0 *
Ve
1e-07
1.4673 -9.89177 0
0 0

0101101
*
Ed
 1e-07 1 1 0
1  67 0 0 0.490819996578175
6  67 1 0
0

0101000
+127 0 -125 0 *
Ve
1e-07
1.9509 -9.80785 0
0 0

0101101
*
Ed
 1e-07 1 1 0
1  68 0 0 0.490827389618794
6  68 1 0
0

0101000
+125 0 -123 0 *
Ve
1e-07
2.4298 -9.70031 0
0 0

0101101
*
Ed
 1e-07 1 1 0
1  69 0 0 0.49082589744226
6  69 1 0
0

0101000
+123 0 -121 0 *
Ve
1e-07
2.90285 -9.5694 0
0 0

0101101
*
Ed
 1e-07 1 1 0
1  70 0 0 0.490829635005874
6  70 1 0
0

0101000
+121 0 -119 0 *
Ve
1e-07
3.3689 -9.41544 0
0 0

0101101
*
Ed
 1e-07 1 1 0
1  71 0 0 0.49082204932134
6  71 1 0
0

0101000
+119 0 -117 0 *
Ve
1e-07
3.82683 -9.2388 0
0 0

0101101
*
Ed
 1e-07 1 1 0
1  72 0 0 0.490817251632418
6  72 1 0
0

0101000
+117 0 -115 0 *
Ve
1e-07
4.27555 -9.03989 0
0 0

0101101
*
Ed
 1e-07 1 1 0
1  73 0 0 0.49083075137974
6  73 1 0
0

0101000
+115 0 -113 0 *
Ve
1e-07
4.71397 -8.81921 0
0 0

0101101
*
Ed
 1e-07 1 1 0
1  74 0 0 0.490827626361842
6  74 1 0
0

0101000
+113 0 -111 0 *
Ve
1e-07
5.14103 -8.57729 0
0 0

0101101
*
Ed
 1e-07 1 1 0
1  75 0 0 0.490821281119717
6  75 1 0
0

0101000
+111 0 -109 0 *
Ve
1e-07
5.5557 -8.3147 0
0 0

0101101
*
Ed
 1e-07 1 1 0
1  76 0 0 0.49082045291532
6  76 1 0
0

0101000
+109 0 -107 0 *
Ve
1e-07
5.95699 -8.03208 0
0 0

0101101
*
Ed
 1e-07 1 1 0
1  77 0 0 0.490823520728174
6  77 1 0
0

0101000
+107 0 -105 0 *
Ve
1e-07
6.34393 -7.7301 0
0 0

0101101
*
Ed
 1e-07 1 1 0
1  78 0 0 0.490830402481346
6  78 1 0
0

0101000
+105 0 -103 0 *
Ve
1e-07
6.71559 -7.40951 0
0 0

0101101
*
Ed
 1e-07 1 1 0
1  79 0 0 0.490824921637033
6  79 1 0
0

0101000
+103 0 -101 0 *
Ve
1e-07
7.07107 -7.07107 0
0 0

0101101
*
Ed
 1e-07 1 1 0
1  80 0 0 0.490823455022272
6  80 1 0
0

0101000
+101 0 -99 0 *
Ve
1e-07
7.40951 -6.71559 0
0 0

0101101
*
Ed
 1e-07 1 1 0
1  81 0 0 0.490823455022272
6  81 1 0
0

0101000
+99 0 -97 0 *
Ve
1e-07
7.7301 -6.34393 0
0 0

0101101
*
Ed
 1e-07 1 1 0
1  82 0 0 0.490824921637033
6  82 1 0
0

0101000
+97 0 -95 0 *
Ve
1e-07
8.03208 -5.95699 0
0 0

0101101
*
Ed
 1e-07 1 1 0
1  83 0 0 0.490830402481346
6  83 1 0
0

0101000
+95 0 -93 0 *
Ve
1e-07
8.3147 -5.5557 0
0 0

0101101
*
Ed
 1e-07 1 1 0
1  84 0 0 0.490823520728174
6  84 1 0
0

0101000
+93 0 -91 0 *
Ve
1e-07
8.57729 -5.14103 0
0 0

0101101
*
Ed
 1e-07 1 1 0
1  85 0 0 0.49082045291532
6  85 1 0
0

0101000
+91 0 -89 0 *
Ve
1e-07
8.81921 -4.71397 0
0 0

0101101
*
Ed
 1e-07 1 1 0
1  86 0 0 0.490821281119717
6  86 1 0
0

0101000
+89 0 -87 0 *
Ve
1e-07
9.03989 -4.27555 0
0 0

0101101
*
Ed
 1e-07 1 1 0
1  87 0 0 0.490827626361842
6  87 1 0
0

0101000
+87 0 -85 0 *
Ve
1e-07
9.2388 -3.82683 0
0 0

0101101
*
Ed
 1e-07 1 1 0
1  88 0 0 0.49083075137974
6  88 1 0
0

0101000
+85 0 -83 0 *
Ve
1e-07
9.41544 -3.3689 0
0 0

0101101
*
Ed
 1e-07 1 1 0
1  89 0 0 0.490817251632418
6  89 1 0
0

0101000
+83 0 -81 0 *
Ve
1e-07
9.5694 -2.90285 0
0 0

0101101
*
Ed
 1e-07 1 1 0
1  90 0 0 0.49082204932134
6  90 1 0
0

0101000
+81 0 -79 0 *
Ve
1e-07
9.70031 -2.4298 0
0 0

0101101
*
Ed
 1e-07 1 1 0
1  91 0 0 0.490829635005874
6  91 1 0
0

0101000
+79 0 -77 0 *
Ve
1e-07
9.80785 -1.9509 0
0 0

0101101
*
Ed
 1e-07 1 1 0
1  92 0 0 0.49082589744226
6  92 1 0
0

0101000
+77 0 -75 0 *
Ve
1e-07
9.89177 -1.4673 0
0 0

0101101
*
Ed
 1e-07 1 1 0
1  93 0 0 0.490827389618794
6  93 1 0
0

0101000
+75 0 -73 0 *
Ve
1e-07
9.95185 -0.980171 0
0 0

0101101
*
Ed
 1e-07 1 1 0
1  94 0 0 0.490819996578175
6  94 1 0
0

0101000
+73 0 -71 0 *
Ve
1e-07
9.98795 -0.490677 0
0 0

0101101
*
Ed
 1e-07 1 1 0
1  95 0 0 0.490823375600633
6  95 1 0
0

0101000
+71 0 -69 0 *
Ve
1e-07
10 -2.44929e-15 0
0 0

0101101
*
Ed
 1e-07 1 1 0
1  96 0 0 0.490824939086226
6  96 1 0
0

0101000
+69 0 -67 0 *
Ve
1e-07
9.98795 0.490677 0
0 0

0101101
*
Ed
 1e-07 1 1 0
1  97 0 0 0.490824939086231
6  97 1 0
0

0101000
+67 0 -65 0 *
Ve
1e-07
9.95185 0.980171 0
0 0

0101101
*
Ed
 1e-07 1 1 0
1  98 0 0 0.490823375600633
6  98 1 0
0

0101000
+65 0 -63 0 *
Ve
1e-07
9.89177 1.4673 0
0 0

0101101
*
Ed
 1e-07 1 1 0
1  99 0 0 0.490819996578175
6  99 1 0
0

0101000
+63 0 -61 0 *
Ve
1e-07
9.80785 1.9509 0
0 0

0101101
*
Ed
 1e-07 1 1 0
1  100 0 0 0.490827389618794
6  100 1 0
0

0101000
+61 0 -59 0 *
Ve
1e-07
9.70031 2.4298 0
0 0

0101101
*
Ed
 1e-07 1 1 0
1  101 0 0 0.49082589744226
6  101 1 0
0

0101000
+59 0 -57 0 *
Ve
1e-07
9.5694 2.90285 0
0 0

0101101
*
Ed
 1e-07 1 1 0
1  102 0 0 0.490829635005874
6  102 1 0
0

0101000
+57 0 -55 0 *
Ve
1e-07
9.41544 3.3689 0
0 0

0101101
*
Ed
 1e-07 1 1 0
1  103 0 0 0.49082204932134
6  103 1 0
0

0101000
+55 0 -53 0 *
Ve
1e-07
9.2388 3.82683 0
0 0

0101101
*
Ed
 1e-07 1 1 0
1  104 0 0 0.490817251632418
6  104 1 0
0

0101000
+53 0 -51 0 *
Ve
1e-07
9.03989 4.27555 0
0 0

0101101
*
Ed
 1e-07 1 1 0
1  105 0 0 0.49083075137974
6  105 1 0
0

0101000
+51 0 -49 0 *
Ve
1e-07
8.81921 4.71397 0
0 0

0101101
*
Ed
 1e-07 1 1 0
1  106 0 0 0.490827626361842
6  106 1 0
0

0101000
+49 0 -47 0 *
Ve
1e-07
8.57729 5.14103 0
0 0

0101101
*
Ed
 1e-07 1 1 0
1  107 0 0 0.490821281119717
6  107 1 0
0

0101000
+47 0 -45 0 *
Ve
1e-07
8.3147 5.5557 0
0 0

0101101
*
Ed
 1e-07 1 1 0
1  108 0 0 0.49082045291532
6  108 1 0
0

0101000
+45 0 -43 0 *
Ve
1e-07
8.03208 5.95699 0
0 0

0101101
*
Ed
 1e-07 1 1 0
1  109 0 0 0.490823520728174
6  109 1 0
0

0101000
+43 0 -41 0 *
Ve
1e-07
7.7301 6.34393 0
0 0

0101101
*
Ed
 1e-07 1 1 0
1  110 0 0 0.490830402481346
6  110 1 0
0

0101000
+41 0 -39 0 *
Ve
1e-07
7.40951 6.71559 0
0 0

0101101
*
Ed
 1e-07 1 1 0
1  111 0 0 0.490824921637033
6  111 1 0
0

0101000
+39 0 -37 0 *
Ve
1e-07
7.07107 7.07107 0
0 0

0101101
*
Ed
 1e-07 1 1 0
1  112 0 0 0.490823455022272
6  112 1 0
0

0101000
+37 0 -35 0 *
Ve
1e-07
6.71559 7.40951 0
0 0

0101101
*
Ed
 1e-07 1 1 0
1  113 0 0 0.490823455022272
6  113 1 0
0

0101000
+35 0 -33 0 *
Ve
1e-07
6.34393 7.7301 0
0 0

0101101
*
Ed
 1e-07 1 1 0
1  114 0 0 0.490824921637033
6  114 1 0
0

0101000
+33 0 -31 0 *
Ve
1e-07
5.95699 8.03208 0
0 0

0101101
*
Ed
 1e-07 1 1 0
1  115 0 0 0.490830402481346
6  115 1 0
0

0101000
+31 0 -29 0 *
Ve
1e-07
5.5557 8.3147 0
0 0

0101101
*
Ed
 1e-07 1 1 0
1  116 0 0 0.490823520728174
6  116 1 0
0

0101000
+29 0 -27 0 *
Ve
1e-07
5.14103 8.57729 0
0 0

0101101
*
Ed
 1e-07 1 1 0
1  117 0 0 0.49082045291532
6  117 1 0
0

0101000
+27 0 -25 0 *
Ve
1e-07
4.71397 8.81921 0
0 0

0101101
*
Ed
 1e-07 1 1 0
1  118 0 0 0.490821281119717
6  118 1 0
0

0101000
+25 0 -23 0 *
Ve
1e-07
4.27555 9.03989 0
0 0

0101101
*
Ed
 1e-07 1 1 0
1  119 0 0 0.490827626361842
6  119 1 0
0

0101000
+23 0 -21 0 *
Ve
1e-07
3.82683 9.2388 0
0 0

0101101
*
Ed
 1e-07 1 1 0
1  120 0 0 0.49083075137974
6  120 1 0
0

0101000
+21 0 -19 0 *
Ve
1e-07
3.3689 9.41544 0
0 0

0101101
*
Ed
 1e-07 1 1 0
1  121 0 0 0.490817251632418
6  121 1 0
0

0101000
+19 0 -17 0 *
Ve
1e-07
2.90285 9.5694 0
0 0

0101101
*
Ed
 1e-07 1 1 0
1  122 0 0 0.49082204932134
6  122 1 0
0

0101000
+17 0 -15 0 *
Ve
1e-07
2.4298 9.70031 0
0 0

0101101
*
Ed
 1e-07 1 1 0
1  123 0 0 0.490829635005874
6  123 1 0
0

0101000
+15 0 -13 0 *
Ve
1e-07
1.9509 9.80785 0
0 0

0101101
*
Ed
 1e-07 1 1 0
1  124 0 0 0.49082589744226
6  124 1 0
0

0101000
+13 0 -11 0 *
Ve
1e-07
1.4673 9.89177 0
0 0

0101101
*
Ed
 1e-07 1 1 0
1  125 0 0 0.490827389618794
6  125 1 0
0

0101000
+11 0 -9 0 *
Ve
1e-07
0.980171 9.95185 0
0 0

0101101
*
Ed
 1e-07 1 1 0
1  126 0 0 0.490819996578175
6  126 1 0
0

0101000
+9 0 -7 0 *
Ve
1e-07
0.490677 9.98795 0
0 0

0101101
*
Ed
 1e-07 1 1 0
1  127 0 0 0.490823375600633
6  127 1 0
0

0101000
+7 0 -5 0 *
Ed
 1e-07 1 1 0
1  128 0 0 0.490824939086229
6  128 1 0
0

0101000
+5 0 -258 0 *
Wi

0101100
+256 0 +254 0 +252 0 +250 0 +248 0 +246 0 +244 0 +242 0 +240 0 +238 0 
+236 0 +234 0 +232 0 +230 0 +228 0 +226 0 +224 0 +222 0 +220 0 +218 0 
+216 0 +214 0 +212 0 +210 0 +208 0 +206 0 +204 0 +202 0 +200 0 +198 0 
+196 0 +194 0 +192 0 +190 0 +188 0 +186 0 +184 0 +182 0 +180 0 +178 0 
+176 0 +174 0 +172 0 +170 0 +168 0 +166 0 +164 0 +162 0 +160 0 +158 0 
+156 0 +154 0 +152 0 +150 0 +148 0 +146 0 +144 0 +142 0 +140 0 +138 0 
+136 0 +134 0 +132 0 +130 0 +128 0 +126 0 +124 0 +122 0 +120 0 +118 0 
+116 0 +114 0 +112 0 +110 0 +108 0 +106 0 +104 0 +102 0 +100 0 +98 0 
+96 0 +94 0 +92 0 +90 0 +88 0 +86 0 +84 0 +82 0 +80 0 +78 0 
+76 0 +74 0 +72 0 +70 0 +68 0 +66 0 +64 0 +62 0 +60 0 +58 0 
+56 0 +54 0 +52 0 +50 0 +48 0 +46 0 +44 0 +42 0 +40 0 +38 0 
+36 0 +34 0 +32 0 +30 0 +28 0 +26 0 +24 0 +22 0 +20 0 +18 0 
+16 0 +14 0 +12 0 +10 0 +8 0 +6 0 +4 0 +3 0 *
Fa
0  1e-07 1 0
2  1
1111000
+2 0 *

+1 1 