DBRep_DrawableShape

CASCADE Topology V1, (c) Matra-Datavision
Locations 2
1
              1               0               0               0 
              0               1               0               0 
              0               0               1               0 
2  1 -1 0
Curve2ds 128
8 0 0.4908249390862286
7 0 0  1 2 2  -9.7348001141251974e-16 10  -0.49067700000000097 9.9879499999999997 
 0 2 0.4908249390862286 2
8 0 0.49082337560063294
7 0 0  1 2 2  -0.49067700000000097 9.9879499999999997  -0.98017100000000101 9.9518500000000003 
 0 2 0.49082337560063294 2
8 0 0.49081999657817543
7 0 0  1 2 2  -0.98017100000000101 9.9518500000000003  -1.4673000000000009 9.8917699999999993 
 0 2 0.49081999657817543 2
8 0 0.49082738961879446
7 0 0  1 2 2  -1.4673000000000009 9.8917699999999993  -1.950900000000001 9.8078500000000002 
 0 2 0.49082738961879446 2
8 0 0.49082589744226024
7 0 0  1 2 2  -1.950900000000001 9.8078500000000002  -2.4298000000000011 9.70031 
 0 2 0.49082589744226024 2
8 0 0.49082963500587429
7 0 0  1 2 2  -2.4298000000000011 9.70031  -2.9028500000000008 9.5693999999999999 
 0 2 0.49082963500587429 2
8 0 0.49082204932134005
7 0 0  1 2 2  -2.9028500000000008 9.5693999999999999  -3.3689000000000009 9.4154400000000003 
 0 2 0.49082204932134005 2
8 0 0.49081725163241813
7 0 0  1 2 2  -3.3689000000000009 9.4154400000000003  -3.8268300000000011 9.2387999999999995 
 0 2 0.49081725163241813 2
8 0 0.49083075137973953
7 0 0  1 2 2  -3.8268300000000011 9.2387999999999995  -4.2755500000000008 9.0398899999999998 
 0 2 0.49083075137973953 2
8 0 0.49082762636184174
7 0 0  1 2 2  -4.2755500000000008 9.0398899999999998  -4.7139700000000007 8.81921 
 0 2 0.49082762636184174 2
8 0 0.4908212811197169
7 0 0  1 2 2  -4.7139700000000007 8.81921  -5.1410300000000007 8.5772899999999996 
 0 2 0.4908212811197169 2
8 0 0.49082045291531989
7 0 0  1 2 2  -5.1410300000000007 8.5772899999999996  -5.5557000000000007 8.3147000000000002 
 0 2 0.49082045291531989 2
8 0 0.49082352072817387
7 0 0  1 2 2  -5.5557000000000007 8.3147000000000002  -5.9569900000000011 8.0320800000000006 
 0 2 0.49082352072817387 2
8 0 0.49083040248134618
7 0 0  1 2 2  -5.9569900000000011 8.0320800000000006  -6.3439300000000012 7.7301000000000002 
 0 2 0.49083040248134618 2
8 0 0.49082492163703312
7 0 0  1 2 2  -6.3439300000000012 7.7301000000000002  -6.7155900000000006 7.40951 
 0 2 0.49082492163703312 2
8 0 0.49082345502227198
7 0 0  1 2 2  -6.7155900000000006 7.40951  -7.0710700000000006 7.0710699999999997 
 0 2 0.49082345502227198 2
8 0 0.49082345502227198
7 0 0  1 2 2  -7.0710700000000006 7.0710699999999997  -7.4095100000000009 6.7155899999999997 
 0 2 0.49082345502227198 2
8 0 0.49082492163703312
7 0 0  1 2 2  -7.4095100000000009 6.7155899999999997  -7.7301000000000011 6.3439300000000003 
 0 2 0.49082492163703312 2
8 0 0.49083040248134618
7 0 0  1 2 2  -7.7301000000000011 6.3439300000000003  -8.0320800000000023 5.9569900000000002 
 0 2 0.49083040248134618 2
8 0 0.49082352072817387
7 0 0  1 2 2  -8.0320800000000023 5.9569900000000002  -8.314700000000002 5.5556999999999999 
 0 2 0.49082352072817387 2
8 0 0.49082045291531989
7 0 0  1 2 2  -8.314700000000002 5.5556999999999999  -8.5772900000000014 5.1410299999999998 
 0 2 0.49082045291531989 2
8 0 0.4908212811197169
7 0 0  1 2 2  -8.5772900000000014 5.1410299999999998  -8.8192100000000018 4.7139699999999998 
 0 2 0.4908212811197169 2
8 0 0.49082762636184174
7 0 0  1 2 2  -8.8192100000000018 4.7139699999999998  -9.0398900000000015 4.27555 
 0 2 0.49082762636184174 2
8 0 0.49083075137973953
7 0 0  1 2 2  -9.0398900000000015 4.27555  -9.2388000000000012 3.8268300000000002 
 0 2 0.49083075137973953 2
8 0 0.49081725163241813
7 0 0  1 2 2  -9.2388000000000012 3.8268300000000002  -9.415440000000002 3.3689 
 0 2 0.49081725163241813 2
8 0 0.49082204932134005
7 0 0  1 2 2  -9.415440000000002 3.3689  -9.5694000000000017 2.9028499999999999 
 0 2 0.49082204932134005 2
8 0 0.49082963500587429
7 0 0  1 2 2  -9.5694000000000017 2.9028499999999999  -9.7003100000000018 2.4298000000000002 
 0 2 0.49082963500587429 2
8 0 0.49082589744226024
7 0 0  1 2 2  -9.7003100000000018 2.4298000000000002  -9.807850000000002 1.9509000000000001 
 0 2 0.49082589744226024 2
8 0 0.49082738961879446
7 0 0  1 2 2  -9.807850000000002 1.9509000000000001  -9.8917700000000011 1.4673 
 0 2 0.49082738961879446 2
8 0 0.49081999657817543
7 0 0  1 2 2  -9.8917700000000011 1.4673  -9.9518500000000021 0.9801709999999999 
 0 2 0.49081999657817543 2
8 0 0.49082337560063294
7 0 0  1 2 2  -9.9518500000000021 0.9801709999999999  -9.9879500000000014 0.49067699999999986 
 0 2 0.49082337560063294 2
8 0 0.49082493908622732
7 0 0  1 2 2  -9.9879500000000014 0.49067699999999986  -10.000000000000002 1.1293534086062544e-15 
 0 2 0.49082493908622732 2
8 0 0.49082493908622976
7 0 0  1 2 2  -10.000000000000002 1.1327580815185823e-15  -9.9879500000000014 -0.49067700000000009 
 0 2 0.49082493908622976 2
8 0 0.49082337560063294
7 0 0  1 2 2  -9.9879500000000014 -0.49067700000000009  -9.9518500000000021 -0.98017100000000013 
 0 2 0.49082337560063294 2
8 0 0.49081999657817543
7 0 0  1 2 2  -9.9518500000000021 -0.98017100000000013  -9.8917700000000011 -1.4673 
 0 2 0.49081999657817543 2
8 0 0.49082738961879446
7 0 0  1 2 2  -9.8917700000000011 -1.4673  -9.807850000000002 -1.9509000000000001 
 0 2 0.49082738961879446 2
8 0 0.49082589744226024
7 0 0  1 2 2  -9.807850000000002 -1.9509000000000001  -9.7003100000000018 -2.4298000000000002 
 0 2 0.49082589744226024 2
8 0 0.49082963500587429
7 0 0  1 2 2  -9.7003100000000018 -2.4298000000000002  -9.5694000000000017 -2.9028499999999999 
 0 2 0.49082963500587429 2
8 0 0.49082204932134005
7 0 0  1 2 2  -9.5694000000000017 -2.9028499999999999  -9.415440000000002 -3.3689 
 0 2 0.49082204932134005 2
8 0 0.49081725163241813
7 0 0  1 2 2  -9.415440000000002 -3.3689  -9.2388000000000012 -3.8268300000000002 
 0 2 0.49081725163241813 2
8 0 0.49083075137973953
7 0 0  1 2 2  -9.2388000000000012 -3.8268300000000002  -9.0398900000000015 -4.27555 
 0 2 0.49083075137973953 2
8 0 0.49082762636184174
7 0 0  1 2 2  -9.0398900000000015 -4.27555  -8.8192100000000018 -4.7139699999999998 
 0 2 0.49082762636184174 2
8 0 0.4908212811197169
7 0 0  1 2 2  -8.8192100000000018 -4.7139699999999998  -8.5772900000000014 -5.1410299999999998 
 0 2 0.4908212811197169 2
8 0 0.49082045291531989
7 0 0  1 2 2  -8.5772900000000014 -5.1410299999999998  -8.314700000000002 -5.5556999999999999 
 0 2 0.49082045291531989 2
8 0 0.49082352072817387
7 0 0  1 2 2  -8.314700000000002 -5.5556999999999999  -8.0320800000000023 -5.9569900000000002 
 0 2 0.49082352072817387 2
8 0 0.49083040248134618
7 0 0  1 2 2  -8.0320800000000023 -5.9569900000000002  -7.7301000000000011 -6.3439300000000003 
 0 2 0.49083040248134618 2
8 0 0.49082492163703312
7 0 0  1 2 2  -7.7301000000000011 -6.3439300000000003  -7.4095100000000009 -6.7155899999999997 
 0 2 0.49082492163703312 2
8 0 0.49082345502227198
7 0 0  1 2 2  -7.4095100000000009 -6.7155899999999997  -7.0710700000000006 -7.0710699999999997 
 0 2 0.49082345502227198 2
8 0 0.49082345502227198
7 0 0  1 2 2  -7.0710700000000006 -7.0710699999999997  -6.7155900000000006 -7.40951 
 0 2 0.49082345502227198 2
8 0 0.49082492163703312
7 0 0  1 2 2  -6.7155900000000006 -7.40951  -6.3439300000000012 -7.7301000000000002 
 0 2 0.49082492163703312 2
8 0 0.49083040248134618
7 0 0  1 2 2  -6.3439300000000012 -7.7301000000000002  -5.9569900000000011 -8.0320800000000006 
 0 2 0.49083040248134618 2
8 0 0.49082352072817387
7 0 0  1 2 2  -5.9569900000000011 -8.0320800000000006  -5.5557000000000007 -8.3147000000000002 
 0 2 0.49082352072817387 2
8 0 0.49082045291531989
7 0 0  1 2 2  -5.5557000000000007 -8.3147000000000002  -5.1410300000000007 -8.5772899999999996 
 0 2 0.49082045291531989 2
8 0 0.4908212811197169
7 0 0  1 2 2  -5.1410300000000007 -8.5772899999999996  -4.7139700000000007 -8.81921 
 0 2 0.4908212811197169 2
8 0 0.49082762636184174
7 0 0  1 2 2  -4.7139700000000007 -8.81921  -4.2755500000000008 -9.0398899999999998 
 0 2 0.49082762636184174 2
8 0 0.49083075137973953
7 0 0  1 2 2  -4.2755500000000008 -9.0398899999999998  -3.8268300000000011 -9.2387999999999995 
 0 2 0.49083075137973953 2
8 0 0.49081725163241813
7 0 0  1 2 2  -3.8268300000000011 -9.2387999999999995  -3.3689000000000009 -9.4154400000000003 
 0 2 0.49081725163241813 2
8 0 0.49082204932134005
7 0 0  1 2 2  -3.3689000000000009 -9.4154400000000003  -2.9028500000000008 -9.5693999999999999 
 0 2 0.49082204932134005 2
8 0 0.49082963500587429
7 0 0  1 2 2  -2.9028500000000008 -9.5693999999999999  -2.4298000000000011 -9.70031 
 0 2 0.49082963500587429 2
8 0 0.49082589744226024
7 0 0  1 2 2  -2.4298000000000011 -9.70031  -1.950900000000001 -9.8078500000000002 
 0 2 0.49082589744226024 2
8 0 0.49082738961879446
7 0 0  1 2 2  -1.950900000000001 -9.8078500000000002  -1.4673000000000009 -9.8917699999999993 
 0 2 0.49082738961879446 2
8 0 0.49081999657817543
7 0 0  1 2 2  -1.4673000000000009 -9.8917699999999993  -0.98017100000000101 -9.9518500000000003 
 0 2 0.49081999657817543 2
8 0 0.49082337560063294
7 0 0  1 2 2  -0.98017100000000101 -9.9518500000000003  -0.49067700000000097 -9.9879499999999997 
 0 2 0.49082337560063294 2
8 0 0.49082493908622671
7 0 0  1 2 2  -0.49067700000000097 -9.9879499999999997  -2.8053480020440278e-15 -10 
 0 2 0.49082493908622671 2
8 0 0.49082493908623037
7 0 0  1 2 2  -2.8104500114125199e-15 -10  0.49067699999999898 -9.9879499999999997 
 0 2 0.49082493908623037 2
8 0 0.49082337560063294
7 0 0  1 2 2  0.49067699999999898 -9.9879499999999997  0.98017099999999902 -9.9518500000000003 
 0 2 0.49082337560063294 2
8 0 0.49081999657817543
7 0 0  1 2 2  0.98017099999999902 -9.9518500000000003  1.4672999999999992 -9.8917699999999993 
 0 2 0.49081999657817543 2
8 0 0.49082738961879446
7 0 0  1 2 2  1.4672999999999992 -9.8917699999999993  1.9508999999999992 -9.8078500000000002 
 0 2 0.49082738961879446 2
8 0 0.49082589744226024
7 0 0  1 2 2  1.9508999999999992 -9.8078500000000002  2.4297999999999993 -9.70031 
 0 2 0.49082589744226024 2
8 0 0.49082963500587429
7 0 0  1 2 2  2.4297999999999993 -9.70031  2.902849999999999 -9.5693999999999999 
 0 2 0.49082963500587429 2
8 0 0.49082204932134005
7 0 0  1 2 2  2.902849999999999 -9.5693999999999999  3.3688999999999991 -9.4154400000000003 
 0 2 0.49082204932134005 2
8 0 0.49081725163241813
7 0 0  1 2 2  3.3688999999999991 -9.4154400000000003  3.8268299999999993 -9.2387999999999995 
 0 2 0.49081725163241813 2
8 0 0.49083075137973953
7 0 0  1 2 2  3.8268299999999993 -9.2387999999999995  4.2755499999999991 -9.0398899999999998 
 0 2 0.49083075137973953 2
8 0 0.49082762636184174
7 0 0  1 2 2  4.2755499999999991 -9.0398899999999998  4.7139699999999989 -8.81921 
 0 2 0.49082762636184174 2
8 0 0.4908212811197169
7 0 0  1 2 2  4.7139699999999989 -8.81921  5.1410299999999989 -8.5772899999999996 
 0 2 0.4908212811197169 2
8 0 0.49082045291531989
7 0 0  1 2 2  5.1410299999999989 -8.5772899999999996  5.555699999999999 -8.3147000000000002 
 0 2 0.49082045291531989 2
8 0 0.49082352072817387
7 0 0  1 2 2  5.555699999999999 -8.3147000000000002  5.9569899999999993 -8.0320800000000006 
 0 2 0.49082352072817387 2
8 0 0.49083040248134618
7 0 0  1 2 2  5.9569899999999993 -8.0320800000000006  6.3439299999999994 -7.7301000000000002 
 0 2 0.49083040248134618 2
8 0 0.49082492163703312
7 0 0  1 2 2  6.3439299999999994 -7.7301000000000002  6.7155899999999988 -7.40951 
 0 2 0.49082492163703312 2
8 0 0.49082345502227198
7 0 0  1 2 2  6.7155899999999988 -7.40951  7.0710699999999989 -7.0710699999999997 
 0 2 0.49082345502227198 2
8 0 0.49082345502227198
7 0 0  1 2 2  7.0710699999999989 -7.0710699999999997  7.4095099999999992 -6.7155899999999997 
 0 2 0.49082345502227198 2
8 0 0.49082492163703312
7 0 0  1 2 2  7.4095099999999992 -6.7155899999999997  7.7300999999999993 -6.3439300000000003 
 0 2 0.49082492163703312 2
8 0 0.49083040248134618
7 0 0  1 2 2  7.7300999999999993 -6.3439300000000003  8.0320799999999988 -5.9569900000000002 
 0 2 0.49083040248134618 2
8 0 0.49082352072817387
7 0 0  1 2 2  8.0320799999999988 -5.9569900000000002  8.3146999999999984 -5.5556999999999999 
 0 2 0.49082352072817387 2
8 0 0.49082045291531989
7 0 0  1 2 2  8.3146999999999984 -5.5556999999999999  8.5772899999999979 -5.1410299999999998 
 0 2 0.49082045291531989 2
8 0 0.4908212811197169
7 0 0  1 2 2  8.5772899999999979 -5.1410299999999998  8.8192099999999982 -4.7139699999999998 
 0 2 0.4908212811197169 2
8 0 0.49082762636184174
7 0 0  1 2 2  8.8192099999999982 -4.7139699999999998  9.039889999999998 -4.27555 
 0 2 0.49082762636184174 2
8 0 0.49083075137973953
7 0 0  1 2 2  9.039889999999998 -4.27555  9.2387999999999977 -3.8268300000000002 
 0 2 0.49083075137973953 2
8 0 0.49081725163241813
7 0 0  1 2 2  9.2387999999999977 -3.8268300000000002  9.4154399999999985 -3.3689 
 0 2 0.49081725163241813 2
8 0 0.49082204932134005
7 0 0  1 2 2  9.4154399999999985 -3.3689  9.5693999999999981 -2.9028499999999999 
 0 2 0.49082204932134005 2
8 0 0.49082963500587429
7 0 0  1 2 2  9.5693999999999981 -2.9028499999999999  9.7003099999999982 -2.4298000000000002 
 0 2 0.49082963500587429 2
8 0 0.49082589744226024
7 0 0  1 2 2  9.7003099999999982 -2.4298000000000002  9.8078499999999984 -1.9509000000000001 
 0 2 0.49082589744226024 2
8 0 0.49082738961879446
7 0 0  1 2 2  9.8078499999999984 -1.9509000000000001  9.8917699999999975 -1.4673 
 0 2 0.49082738961879446 2
8 0 0.49081999657817543
7 0 0  1 2 2  9.8917699999999975 -1.4673  9.9518499999999985 -0.98017100000000013 
 0 2 0.49081999657817543 2
8 0 0.49082337560063294
7 0 0  1 2 2  9.9518499999999985 -0.98017100000000013  9.9879499999999979 -0.49067700000000009 
 0 2 0.49082337560063294 2
8 0 0.4908249390862261
7 0 0  1 2 2  9.9879499999999979 -0.49067700000000009  9.9999999999999982 -2.5343825726567623e-15 
 0 2 0.4908249390862261 2
8 0 0.49082493908623098
7 0 0  1 2 2  9.9999999999999982 -2.541181918481418e-15  9.9879499999999979 0.49067699999999986 
 0 2 0.49082493908623098 2
8 0 0.49082337560063294
7 0 0  1 2 2  9.9879499999999979 0.49067699999999986  9.9518499999999985 0.9801709999999999 
 0 2 0.49082337560063294 2
8 0 0.49081999657817543
7 0 0  1 2 2  9.9518499999999985 0.9801709999999999  9.8917699999999975 1.4673 
 0 2 0.49081999657817543 2
8 0 0.49082738961879446
7 0 0  1 2 2  9.8917699999999975 1.4673  9.8078499999999984 1.9509000000000001 
 0 2 0.49082738961879446 2
8 0 0.49082589744226024
7 0 0  1 2 2  9.8078499999999984 1.9509000000000001  9.7003099999999982 2.4298000000000002 
 0 2 0.49082589744226024 2
8 0 0.49082963500587429
7 0 0  1 2 2  9.7003099999999982 2.4298000000000002  9.5693999999999981 2.9028499999999999 
 0 2 0.49082963500587429 2
8 0 0.49082204932134005
7 0 0  1 2 2  9.5693999999999981 2.9028499999999999  9.4154399999999985 3.3689 
 0 2 0.49082204932134005 2
8 0 0.49081725163241813
7 0 0  1 2 2  9.4154399999999985 3.3689  9.2387999999999977 3.8268300000000002 
 0 2 0.49081725163241813 2
8 0 0.49083075137973953
7 0 0  1 2 2  9.2387999999999977 3.8268300000000002  9.039889999999998 4.27555 
 0 2 0.49083075137973953 2
8 0 0.49082762636184174
7 0 0  1 2 2  9.039889999999998 4.27555  8.8192099999999982 4.7139699999999998 
 0 2 0.49082762636184174 2
8 0 0.4908212811197169
7 0 0  1 2 2  8.8192099999999982 4.7139699999999998  8.5772899999999979 5.1410299999999998 
 0 2 0.4908212811197169 2
8 0 0.49082045291531989
7 0 0  1 2 2  8.5772899999999979 5.1410299999999998  8.3146999999999984 5.5556999999999999 
 0 2 0.49082045291531989 2
8 0 0.49082352072817387
7 0 0  1 2 2  8.3146999999999984 5.5556999999999999  8.0320799999999988 5.9569900000000002 
 0 2 0.49082352072817387 2
8 0 0.49083040248134618
7 0 0  1 2 2  8.0320799999999988 5.9569900000000002  7.7300999999999993 6.3439300000000003 
 0 2 0.49083040248134618 2
8 0 0.49082492163703312
7 0 0  1 2 2  7.7300999999999993 6.3439300000000003  7.4095099999999992 6.7155899999999997 
 0 2 0.49082492163703312 2
8 0 0.49082345502227198
7 0 0  1 2 2  7.4095099999999992 6.7155899999999997  7.0710699999999989 7.0710699999999997 
 0 2 0.49082345502227198 2
8 0 0.49082345502227198
7 0 0  1 2 2  7.0710699999999989 7.0710699999999997  6.7155899999999988 7.40951 
 0 2 0.49082345502227198 2
8 0 0.49082492163703312
7 0 0  1 2 2  6.7155899999999988 7.40951  6.3439299999999994 7.7301000000000002 
 0 2 0.49082492163703312 2
8 0 0.49083040248134618
7 0 0  1 2 2  6.3439299999999994 7.7301000000000002  5.9569899999999993 8.0320800000000006 
 0 2 0.49083040248134618 2
8 0 0.49082352072817387
7 0 0  1 2 2  5.9569899999999993 8.0320800000000006  5.555699999999999 8.3147000000000002 
 0 2 0.49082352072817387 2
8 0 0.49082045291531989
7 0 0  1 2 2  5.555699999999999 8.3147000000000002  5.1410299999999989 8.5772899999999996 
 0 2 0.49082045291531989 2
8 0 0.4908212811197169
7 0 0  1 2 2  5.1410299999999989 8.5772899999999996  4.7139699999999989 8.81921 
 0 2 0.4908212811197169 2
8 0 0.49082762636184174
7 0 0  1 2 2  4.7139699999999989 8.81921  4.2755499999999991 9.0398899999999998 
 0 2 0.49082762636184174 2
8 0 0.49083075137973953
7 0 0  1 2 2  4.2755499999999991 9.0398899999999998  3.8268299999999993 9.2387999999999995 
 0 2 0.49083075137973953 2
8 0 0.49081725163241813
7 0 0  1 2 2  3.8268299999999993 9.2387999999999995  3.3688999999999991 9.4154400000000003 
 0 2 0.49081725163241813 2
8 0 0.49082204932134005
7 0 0  1 2 2  3.3688999999999991 9.4154400000000003  2.902849999999999 9.5693999999999999 
 0 2 0.49082204932134005 2
8 0 0.49082963500587429
7 0 0  1 2 2  2.902849999999999 9.5693999999999999  2.4297999999999993 9.70031 
 0 2 0.49082963500587429 2
8 0 0.49082589744226024
7 0 0  1 2 2  2.4297999999999993 9.70031  1.9508999999999992 9.8078500000000002 
 0 2 0.49082589744226024 2
8 0 0.49082738961879446
7 0 0  1 2 2  1.9508999999999992 9.8078500000000002  1.4672999999999992 9.8917699999999993 
 0 2 0.49082738961879446 2
8 0 0.49081999657817543
7 0 0  1 2 2  1.4672999999999992 9.8917699999999993  0.98017099999999902 9.9518500000000003 
 0 2 0.49081999657817543 2
8 0 0.49082337560063294
7 0 0  1 2 2  0.98017099999999902 9.9518500000000003  0.49067699999999898 9.9879499999999997 
 0 2 0.49082337560063294 2
8 0 0.4908249390862286
7 0 0  1 2 2  0.49067699999999898 9.9879499999999997  -9.7348001141251974e-16 10 
 0 2 0.4908249390862286 2
Curves 128
8 0 0.4908249390862286
7 0 0  1 2 2  0 28.5 25.001999999999999  -0.14720309999999998 28.465657499999999 25.001999999999999 
 0 2 0.4908249390862286 2
8 0 0.49082337560063294
7 0 0  1 2 2  -0.14720309999999998 28.465657499999999 25.001999999999999  -0.29405130000000002 28.362772500000002 25.001999999999999 
 0 2 0.49082337560063294 2
8 0 0.49081999657817543
7 0 0  1 2 2  -0.29405130000000002 28.362772500000002 25.001999999999999  -0.44019000000000003 28.191544499999999 25.001999999999999 
 0 2 0.49081999657817543 2
8 0 0.49082738961879446
7 0 0  1 2 2  -0.44019000000000003 28.191544499999999 25.001999999999999  -0.58526999999999996 27.952372500000003 25.001999999999999 
 0 2 0.49082738961879446 2
8 0 0.49082589744226024
7 0 0  1 2 2  -0.58526999999999996 27.952372500000003 25.001999999999999  -0.72894000000000003 27.6458835 25.001999999999999 
 0 2 0.49082589744226024 2
8 0 0.49082963500587429
7 0 0  1 2 2  -0.72894000000000003 27.6458835 25.001999999999999  -0.87085499999999993 27.272790000000001 25.001999999999999 
 0 2 0.49082963500587429 2
8 0 0.49082204932134005
7 0 0  1 2 2  -0.87085499999999993 27.272790000000001 25.001999999999999  -1.01067 26.834004 25.001999999999999 
 0 2 0.49082204932134005 2
8 0 0.49081725163241813
7 0 0  1 2 2  -1.01067 26.834004 25.001999999999999  -1.1480490000000001 26.330579999999998 25.001999999999999 
 0 2 0.49081725163241813 2
8 0 0.49083075137973953
7 0 0  1 2 2  -1.1480490000000001 26.330579999999998 25.001999999999999  -1.2826649999999999 25.763686499999999 25.001999999999999 
 0 2 0.49083075137973953 2
8 0 0.49082762636184174
7 0 0  1 2 2  -1.2826649999999999 25.763686499999999 25.001999999999999  -1.414191 25.134748500000001 25.001999999999999 
 0 2 0.49082762636184174 2
8 0 0.4908212811197169
7 0 0  1 2 2  -1.414191 25.134748500000001 25.001999999999999  -1.5423089999999999 24.445276499999999 25.001999999999999 
 0 2 0.4908212811197169 2
8 0 0.49082045291531989
7 0 0  1 2 2  -1.5423089999999999 24.445276499999999 25.001999999999999  -1.6667099999999999 23.696895000000001 25.001999999999999 
 0 2 0.49082045291531989 2
8 0 0.49082352072817387
7 0 0  1 2 2  -1.6667099999999999 23.696895000000001 25.001999999999999  -1.7870969999999999 22.891428000000001 25.001999999999999 
 0 2 0.49082352072817387 2
8 0 0.49083040248134618
7 0 0  1 2 2  -1.7870969999999999 22.891428000000001 25.001999999999999  -1.903179 22.030785000000002 25.001999999999999 
 0 2 0.49083040248134618 2
8 0 0.49082492163703312
7 0 0  1 2 2  -1.903179 22.030785000000002 25.001999999999999  -2.0146769999999998 21.117103500000002 25.001999999999999 
 0 2 0.49082492163703312 2
8 0 0.49082345502227198
7 0 0  1 2 2  -2.0146769999999998 21.117103500000002 25.001999999999999  -2.121321 20.152549499999999 25.001999999999999 
 0 2 0.49082345502227198 2
8 0 0.49082345502227198
7 0 0  1 2 2  -2.121321 20.152549499999999 25.001999999999999  -2.2228529999999997 19.139431500000001 25.001999999999999 
 0 2 0.49082345502227198 2
8 0 0.49082492163703312
7 0 0  1 2 2  -2.2228529999999997 19.139431500000001 25.001999999999999  -2.3190300000000001 18.0802005 25.001999999999999 
 0 2 0.49082492163703312 2
8 0 0.49083040248134618
7 0 0  1 2 2  -2.3190300000000001 18.0802005 25.001999999999999  -2.409624 16.977421500000002 25.001999999999999 
 0 2 0.49083040248134618 2
8 0 0.49082352072817387
7 0 0  1 2 2  -2.409624 16.977421500000002 25.001999999999999  -2.4944099999999998 15.833745 25.001999999999999 
 0 2 0.49082352072817387 2
8 0 0.49082045291531989
7 0 0  1 2 2  -2.4944099999999998 15.833745 25.001999999999999  -2.5731869999999999 14.6519355 25.001999999999999 
 0 2 0.49082045291531989 2
8 0 0.4908212811197169
7 0 0  1 2 2  -2.5731869999999999 14.6519355 25.001999999999999  -2.6457630000000001 13.4348145 25.001999999999999 
 0 2 0.4908212811197169 2
8 0 0.49082762636184174
7 0 0  1 2 2  -2.6457630000000001 13.4348145 25.001999999999999  -2.711967 12.1853175 25.001999999999999 
 0 2 0.49082762636184174 2
8 0 0.49083075137973953
7 0 0  1 2 2  -2.711967 12.1853175 25.001999999999999  -2.7716399999999997 10.906465500000001 25.001999999999999 
 0 2 0.49083075137973953 2
8 0 0.49081725163241813
7 0 0  1 2 2  -2.7716399999999997 10.906465500000001 25.001999999999999  -2.8246319999999998 9.6013649999999995 25.001999999999999 
 0 2 0.49081725163241813 2
8 0 0.49082204932134005
7 0 0  1 2 2  -2.8246319999999998 9.6013649999999995 25.001999999999999  -2.8708199999999997 8.2731224999999995 25.001999999999999 
 0 2 0.49082204932134005 2
8 0 0.49082963500587429
7 0 0  1 2 2  -2.8708199999999997 8.2731224999999995 25.001999999999999  -2.9100929999999998 6.9249300000000007 25.001999999999999 
 0 2 0.49082963500587429 2
8 0 0.49082589744226024
7 0 0  1 2 2  -2.9100929999999998 6.9249300000000007 25.001999999999999  -2.9423550000000001 5.5600650000000007 25.001999999999999 
 0 2 0.49082589744226024 2
8 0 0.49082738961879446
7 0 0  1 2 2  -2.9423550000000001 5.5600650000000007 25.001999999999999  -2.9675309999999997 4.1818050000000007 25.001999999999999 
 0 2 0.49082738961879446 2
8 0 0.49081999657817543
7 0 0  1 2 2  -2.9675309999999997 4.1818050000000007 25.001999999999999  -2.9855550000000002 2.7934873499999999 25.001999999999999 
 0 2 0.49081999657817543 2
8 0 0.49082337560063294
7 0 0  1 2 2  -2.9855550000000002 2.7934873499999999 25.001999999999999  -2.9963849999999996 1.3984294500000001 25.001999999999999 
 0 2 0.49082337560063294 2
8 0 0.49082493908622732
7 0 0  1 2 2  -2.9963849999999996 1.3984294500000001 25.001999999999999  -3 3.4805491821998659e-15 25.001999999999999 
 0 2 0.49082493908622732 2
8 0 0.49082493908622976
7 0 0  1 2 2  -3 3.4902525000000002e-15 25.001999999999999  -2.9963849999999996 -1.3984294500000001 25.001999999999999 
 0 2 0.49082493908622976 2
8 0 0.49082337560063294
7 0 0  1 2 2  -2.9963849999999996 -1.3984294500000001 25.001999999999999  -2.9855550000000002 -2.7934873499999999 25.001999999999999 
 0 2 0.49082337560063294 2
8 0 0.49081999657817543
7 0 0  1 2 2  -2.9855550000000002 -2.7934873499999999 25.001999999999999  -2.9675309999999997 -4.1818050000000007 25.001999999999999 
 0 2 0.49081999657817543 2
8 0 0.49082738961879446
7 0 0  1 2 2  -2.9675309999999997 -4.1818050000000007 25.001999999999999  -2.9423550000000001 -5.5600650000000007 25.001999999999999 
 0 2 0.49082738961879446 2
8 0 0.49082589744226024
7 0 0  1 2 2  -2.9423550000000001 -5.5600650000000007 25.001999999999999  -2.9100929999999998 -6.9249300000000007 25.001999999999999 
 0 2 0.49082589744226024 2
8 0 0.49082963500587429
7 0 0  1 2 2  -2.9100929999999998 -6.9249300000000007 25.001999999999999  -2.8708199999999997 -8.2731224999999995 25.001999999999999 
 0 2 0.49082963500587429 2
8 0 0.49082204932134005
7 0 0  1 2 2  -2.8708199999999997 -8.2731224999999995 25.001999999999999  -2.8246319999999998 -9.6013649999999995 25.001999999999999 
 0 2 0.49082204932134005 2
8 0 0.49081725163241813
7 0 0  1 2 2  -2.8246319999999998 -9.6013649999999995 25.001999999999999  -2.7716399999999997 -10.906465500000001 25.001999999999999 
 0 2 0.49081725163241813 2
8 0 0.49083075137973953
7 0 0  1 2 2  -2.7716399999999997 -10.906465500000001 25.001999999999999  -2.711967 -12.1853175 25.001999999999999 
 0 2 0.49083075137973953 2
8 0 0.49082762636184174
7 0 0  1 2 2  -2.711967 -12.1853175 25.001999999999999  -2.6457630000000001 -13.4348145 25.001999999999999 
 0 2 0.49082762636184174 2
8 0 0.4908212811197169
7 0 0  1 2 2  -2.6457630000000001 -13.4348145 25.001999999999999  -2.5731869999999999 -14.6519355 25.001999999999999 
 0 2 0.4908212811197169 2
8 0 0.49082045291531989
7 0 0  1 2 2  -2.5731869999999999 -14.6519355 25.001999999999999  -2.4944099999999998 -15.833745 25.001999999999999 
 0 2 0.49082045291531989 2
8 0 0.49082352072817387
7 0 0  1 2 2  -2.4944099999999998 -15.833745 25.001999999999999  -2.409624 -16.977421500000002 25.001999999999999 
 0 2 0.49082352072817387 2
8 0 0.49083040248134618
7 0 0  1 2 2  -2.409624 -16.977421500000002 25.001999999999999  -2.3190300000000001 -18.0802005 25.001999999999999 
 0 2 0.49083040248134618 2
8 0 0.49082492163703312
7 0 0  1 2 2  -2.3190300000000001 -18.0802005 25.001999999999999  -2.2228529999999997 -19.139431500000001 25.001999999999999 
 0 2 0.49082492163703312 2
8 0 0.49082345502227198
7 0 0  1 2 2  -2.2228529999999997 -19.139431500000001 25.001999999999999  -2.121321 -20.152549499999999 25.001999999999999 
 0 2 0.49082345502227198 2
8 0 0.49082345502227198
7 0 0  1 2 2  -2.121321 -20.152549499999999 25.001999999999999  -2.0146769999999998 -21.117103500000002 25.001999999999999 
 0 2 0.49082345502227198 2
8 0 0.49082492163703312
7 0 0  1 2 2  -2.0146769999999998 -21.117103500000002 25.001999999999999  -1.903179 -22.030785000000002 25.001999999999999 
 0 2 0.49082492163703312 2
8 0 0.49083040248134618
7 0 0  1 2 2  -1.903179 -22.030785000000002 25.001999999999999  -1.7870969999999999 -22.891428000000001 25.001999999999999 
 0 2 0.49083040248134618 2
8 0 0.49082352072817387
7 0 0  1 2 2  -1.7870969999999999 -22.891428000000001 25.001999999999999  -1.6667099999999999 -23.696895000000001 25.001999999999999 
 0 2 0.49082352072817387 2
8 0 0.49082045291531989
7 0 0  1 2 2  -1.6667099999999999 -23.696895000000001 25.001999999999999  -1.5423089999999999 -24.445276499999999 25.001999999999999 
 0 2 0.49082045291531989 2
8 0 0.4908212811197169
7 0 0  1 2 2  -1.5423089999999999 -24.445276499999999 25.001999999999999  -1.414191 -25.134748500000001 25.001999999999999 
 0 2 0.4908212811197169 2
8 0 0.49082762636184174
7 0 0  1 2 2  -1.414191 -25.134748500000001 25.001999999999999  -1.2826649999999999 -25.763686499999999 25.001999999999999 
 0 2 0.49082762636184174 2
8 0 0.49083075137973953
7 0 0  1 2 2  -1.2826649999999999 -25.763686499999999 25.001999999999999  -1.1480490000000001 -26.330579999999998 25.001999999999999 
 0 2 0.49083075137973953 2
8 0 0.49081725163241813
7 0 0  1 2 2  -1.1480490000000001 -26.330579999999998 25.001999999999999  -1.01067 -26.834004 25.001999999999999 
 0 2 0.49081725163241813 2
8 0 0.49082204932134005
7 0 0  1 2 2  -1.01067 -26.834004 25.001999999999999  -0.87085499999999993 -27.272790000000001 25.001999999999999 
 0 2 0.49082204932134005 2
8 0 0.49082963500587429
7 0 0  1 2 2  -0.87085499999999993 -27.272790000000001 25.001999999999999  -0.72894000000000003 -27.6458835 25.001999999999999 
 0 2 0.49082963500587429 2
8 0 0.49082589744226024
7 0 0  1 2 2  -0.72894000000000003 -27.6458835 25.001999999999999  -0.58526999999999996 -27.952372500000003 25.001999999999999 
 0 2 0.49082589744226024 2
8 0 0.49082738961879446
7 0 0  1 2 2  -0.58526999999999996 -27.952372500000003 25.001999999999999  -0.44019000000000003 -28.191544499999999 25.001999999999999 
 0 2 0.49082738961879446 2
8 0 0.49081999657817543
7 0 0  1 2 2  -0.44019000000000003 -28.191544499999999 25.001999999999999  -0.29405130000000002 -28.362772500000002 25.001999999999999 
 0 2 0.49081999657817543 2
8 0 0.49082337560063294
7 0 0  1 2 2  -0.29405130000000002 -28.362772500000002 25.001999999999999  -0.14720309999999998 -28.465657499999999 25.001999999999999 
 0 2 0.49082337560063294 2
8 0 0.49082493908622671
7 0 0  1 2 2  -0.14720309999999998 -28.465657499999999 25.001999999999999  -5.4956039718945251e-16 -28.5 25.001999999999999 
 0 2 0.49082493908622671 2
8 0 0.49082493908623037
7 0 0  1 2 2  -5.5109099999999997e-16 -28.5 25.001999999999999  0.14720309999999998 -28.465657499999999 25.001999999999999 
 0 2 0.49082493908623037 2
8 0 0.49082337560063294
7 0 0  1 2 2  0.14720309999999998 -28.465657499999999 25.001999999999999  0.29405130000000002 -28.362772500000002 25.001999999999999 
 0 2 0.49082337560063294 2
8 0 0.49081999657817543
7 0 0  1 2 2  0.29405130000000002 -28.362772500000002 25.001999999999999  0.44019000000000003 -28.191544499999999 25.001999999999999 
 0 2 0.49081999657817543 2
8 0 0.49082738961879446
7 0 0  1 2 2  0.44019000000000003 -28.191544499999999 25.001999999999999  0.58526999999999996 -27.952372500000003 25.001999999999999 
 0 2 0.49082738961879446 2
8 0 0.49082589744226024
7 0 0  1 2 2  0.58526999999999996 -27.952372500000003 25.001999999999999  0.72894000000000003 -27.6458835 25.001999999999999 
 0 2 0.49082589744226024 2
8 0 0.49082963500587429
7 0 0  1 2 2  0.72894000000000003 -27.6458835 25.001999999999999  0.87085499999999993 -27.272790000000001 25.001999999999999 
 0 2 0.49082963500587429 2
8 0 0.49082204932134005
7 0 0  1 2 2  0.87085499999999993 -27.272790000000001 25.001999999999999  1.01067 -26.834004 25.001999999999999 
 0 2 0.49082204932134005 2
8 0 0.49081725163241813
7 0 0  1 2 2  1.01067 -26.834004 25.001999999999999  1.1480490000000001 -26.330579999999998 25.001999999999999 
 0 2 0.49081725163241813 2
8 0 0.49083075137973953
7 0 0  1 2 2  1.1480490000000001 -26.330579999999998 25.001999999999999  1.2826649999999999 -25.763686499999999 25.001999999999999 
 0 2 0.49083075137973953 2
8 0 0.49082762636184174
7 0 0  1 2 2  1.2826649999999999 -25.763686499999999 25.001999999999999  1.414191 -25.134748500000001 25.001999999999999 
 0 2 0.49082762636184174 2
8 0 0.4908212811197169
7 0 0  1 2 2  1.414191 -25.134748500000001 25.001999999999999  1.5423089999999999 -24.445276499999999 25.001999999999999 
 0 2 0.4908212811197169 2
8 0 0.49082045291531989
7 0 0  1 2 2  1.5423089999999999 -24.445276499999999 25.001999999999999  1.6667099999999999 -23.696895000000001 25.001999999999999 
 0 2 0.49082045291531989 2
8 0 0.49082352072817387
7 0 0  1 2 2  1.6667099999999999 -23.696895000000001 25.001999999999999  1.7870969999999999 -22.891428000000001 25.001999999999999 
 0 2 0.49082352072817387 2
8 0 0.49083040248134618
7 0 0  1 2 2  1.7870969999999999 -22.891428000000001 25.001999999999999  1.903179 -22.030785000000002 25.001999999999999 
 0 2 0.49083040248134618 2
8 0 0.49082492163703312
7 0 0  1 2 2  1.903179 -22.030785000000002 25.001999999999999  2.0146769999999998 -21.117103500000002 25.001999999999999 
 0 2 0.49082492163703312 2
8 0 0.49082345502227198
7 0 0  1 2 2  2.0146769999999998 -21.117103500000002 25.001999999999999  2.121321 -20.152549499999999 25.001999999999999 
 0 2 0.49082345502227198 2
8 0 0.49082345502227198
7 0 0  1 2 2  2.121321 -20.152549499999999 25.001999999999999  2.2228529999999997 -19.139431500000001 25.001999999999999 
 0 2 0.49082345502227198 2
8 0 0.49082492163703312
7 0 0  1 2 2  2.2228529999999997 -19.139431500000001 25.001999999999999  2.3190300000000001 -18.0802005 25.001999999999999 
 0 2 0.49082492163703312 2
8 0 0.49083040248134618
7 0 0  1 2 2  2.3190300000000001 -18.0802005 25.001999999999999  2.409624 -16.977421500000002 25.001999999999999 
 0 2 0.49083040248134618 2
8 0 0.49082352072817387
7 0 0  1 2 2  2.409624 -16.977421500000002 25.001999999999999  2.4944099999999998 -15.833745 25.001999999999999 
 0 2 0.49082352072817387 2
8 0 0.49082045291531989
7 0 0  1 2 2  2.4944099999999998 -15.833745 25.001999999999999  2.5731869999999999 -14.6519355 25.001999999999999 
 0 2 0.49082045291531989 2
8 0 0.4908212811197169
7 0 0  1 2 2  2.5731869999999999 -14.6519355 25.001999999999999  2.6457630000000001 -13.4348145 25.001999999999999 
 0 2 0.4908212811197169 2
8 0 0.49082762636184174
7 0 0  1 2 2  2.6457630000000001 -13.4348145 25.001999999999999  2.711967 -12.1853175 25.001999999999999 
 0 2 0.49082762636184174 2
8 0 0.49083075137973953
7 0 0  1 2 2  2.711967 -12.1853175 25.001999999999999  2.7716399999999997 -10.906465500000001 25.001999999999999 
 0 2 0.49083075137973953 2
8 0 0.49081725163241813
7 0 0  1 2 2  2.7716399999999997 -10.906465500000001 25.001999999999999  2.8246319999999998 -9.6013649999999995 25.001999999999999 
 0 2 0.49081725163241813 2
8 0 0.49082204932134005
7 0 0  1 2 2  2.8246319999999998 -9.6013649999999995 25.001999999999999  2.8708199999999997 -8.2731224999999995 25.001999999999999 
 0 2 0.49082204932134005 2
8 0 0.49082963500587429
7 0 0  1 2 2  2.8708199999999997 -8.2731224999999995 25.001999999999999  2.9100929999999998 -6.9249300000000007 25.001999999999999 
 0 2 0.49082963500587429 2
8 0 0.49082589744226024
7 0 0  1 2 2  2.9100929999999998 -6.9249300000000007 25.001999999999999  2.9423550000000001 -5.5600650000000007 25.001999999999999 
 0 2 0.49082589744226024 2
8 0 0.49082738961879446
7 0 0  1 2 2  2.9423550000000001 -5.5600650000000007 25.001999999999999  2.9675309999999997 -4.1818050000000007 25.001999999999999 
 0 2 0.49082738961879446 2
8 0 0.49081999657817543
7 0 0  1 2 2  2.9675309999999997 -4.1818050000000007 25.001999999999999  2.9855550000000002 -2.7934873499999999 25.001999999999999 
 0 2 0.49081999657817543 2
8 0 0.49082337560063294
7 0 0  1 2 2  2.9855550000000002 -2.7934873499999999 25.001999999999999  2.9963849999999996 -1.3984294500000001 25.001999999999999 
 0 2 0.49082337560063294 2
8 0 0.4908249390862261
7 0 0  1 2 2  2.9963849999999996 -1.3984294500000001 25.001999999999999  3 -6.9610983643997318e-15 25.001999999999999 
 0 2 0.4908249390862261 2
8 0 0.49082493908623098
7 0 0  1 2 2  3 -6.9804765e-15 25.001999999999999  2.9963849999999996 1.3984294500000001 25.001999999999999 
 0 2 0.49082493908623098 2
8 0 0.49082337560063294
7 0 0  1 2 2  2.9963849999999996 1.3984294500000001 25.001999999999999  2.9855550000000002 2.7934873499999999 25.001999999999999 
 0 2 0.49082337560063294 2
8 0 0.49081999657817543
7 0 0  1 2 2  2.9855550000000002 2.7934873499999999 25.001999999999999  2.9675309999999997 4.1818050000000007 25.001999999999999 
 0 2 0.49081999657817543 2
8 0 0.49082738961879446
7 0 0  1 2 2  2.9675309999999997 4.1818050000000007 25.001999999999999  2.9423550000000001 5.5600650000000007 25.001999999999999 
 0 2 0.49082738961879446 2
8 0 0.49082589744226024
7 0 0  1 2 2  2.9423550000000001 5.5600650000000007 25.001999999999999  2.9100929999999998 6.9249300000000007 25.001999999999999 
 0 2 0.49082589744226024 2
8 0 0.49082963500587429
7 0 0  1 2 2  2.9100929999999998 6.9249300000000007 25.001999999999999  2.8708199999999997 8.2731224999999995 25.001999999999999 
 0 2 0.49082963500587429 2
8 0 0.49082204932134005
7 0 0  1 2 2  2.8708199999999997 8.2731224999999995 25.001999999999999  2.8246319999999998 9.6013649999999995 25.001999999999999 
 0 2 0.49082204932134005 2
8 0 0.49081725163241813
7 0 0  1 2 2  2.8246319999999998 9.6013649999999995 25.001999999999999  2.7716399999999997 10.906465500000001 25.001999999999999 
 0 2 0.49081725163241813 2
8 0 0.49083075137973953
7 0 0  1 2 2  2.7716399999999997 10.906465500000001 25.001999999999999  2.711967 12.1853175 25.001999999999999 
 0 2 0.49083075137973953 2
8 0 0.49082762636184174
7 0 0  1 2 2  2.711967 12.1853175 25.001999999999999  2.6457630000000001 13.4348145 25.001999999999999 
 0 2 0.49082762636184174 2
8 0 0.4908212811197169
7 0 0  1 2 2  2.6457630000000001 13.4348145 25.001999999999999  2.5731869999999999 14.6519355 25.001999999999999 
 0 2 0.4908212811197169 2
8 0 0.49082045291531989
7 0 0  1 2 2  2.5731869999999999 14.6519355 25.001999999999999  2.4944099999999998 15.833745 25.001999999999999 
 0 2 0.49082045291531989 2
8 0 0.49082352072817387
7 0 0  1 2 2  2.4944099999999998 15.833745 25.001999999999999  2.409624 16.977421500000002 25.001999999999999 
 0 2 0.49082352072817387 2
8 0 0.49083040248134618
7 0 0  1 2 2  2.409624 16.977421500000002 25.001999999999999  2.3190300000000001 18.0802005 25.001999999999999 
 0 2 0.49083040248134618 2
8 0 0.49082492163703312
7 0 0  1 2 2  2.3190300000000001 18.0802005 25.001999999999999  2.2228529999999997 19.139431500000001 25.001999999999999 
 0 2 0.49082492163703312 2
8 0 0.49082345502227198
7 0 0  1 2 2  2.2228529999999997 19.139431500000001 25.001999999999999  2.121321 20.152549499999999 25.001999999999999 
 0 2 0.49082345502227198 2
8 0 0.49082345502227198
7 0 0  1 2 2  2.121321 20.152549499999999 25.001999999999999  2.0146769999999998 21.117103500000002 25.001999999999999 
 0 2 0.49082345502227198 2
8 0 0.49082492163703312
7 0 0  1 2 2  2.0146769999999998 21.117103500000002 25.001999999999999  1.903179 22.030785000000002 25.001999999999999 
 0 2 0.49082492163703312 2
8 0 0.49083040248134618
7 0 0  1 2 2  1.903179 22.030785000000002 25.001999999999999  1.7870969999999999 22.891428000000001 25.001999999999999 
 0 2 0.49083040248134618 2
8 0 0.49082352072817387
7 0 0  1 2 2  1.7870969999999999 22.891428000000001 25.001999999999999  1.6667099999999999 23.696895000000001 25.001999999999999 
 0 2 0.49082352072817387 2
8 0 0.49082045291531989
7 0 0  1 2 2  1.6667099999999999 23.696895000000001 25.001999999999999  1.5423089999999999 24.445276499999999 25.001999999999999 
 0 2 0.49082045291531989 2
8 0 0.4908212811197169
7 0 0  1 2 2  1.5423089999999999 24.445276499999999 25.001999999999999  1.414191 25.134748500000001 25.001999999999999 
 0 2 0.4908212811197169 2
8 0 0.49082762636184174
7 0 0  1 2 2  1.414191 25.134748500000001 25.001999999999999  1.2826649999999999 25.763686499999999 25.001999999999999 
 0 2 0.49082762636184174 2
8 0 0.49083075137973953
7 0 0  1 2 2  1.2826649999999999 25.763686499999999 25.001999999999999  1.1480490000000001 26.330579999999998 25.001999999999999 
 0 2 0.49083075137973953 2
8 0 0.49081725163241813
7 0 0  1 2 2  1.1480490000000001 26.330579999999998 25.001999999999999  1.01067 26.834004 25.001999999999999 
 0 2 0.49081725163241813 2
8 0 0.49082204932134005
7 0 0  1 2 2  1.01067 26.834004 25.001999999999999  0.87085499999999993 27.272790000000001 25.001999999999999 
 0 2 0.49082204932134005 2
8 0 0.49082963500587429
7 0 0  1 2 2  0.87085499999999993 27.272790000000001 25.001999999999999  0.72894000000000003 27.6458835 25.001999999999999 
 0 2 0.49082963500587429 2
8 0 0.49082589744226024
7 0 0  1 2 2  0.72894000000000003 27.6458835 25.001999999999999  0.58526999999999996 27.952372500000003 25.001999999999999 
 0 2 0.49082589744226024 2
8 0 0.49082738961879446
7 0 0  1 2 2  0.58526999999999996 27.952372500000003 25.001999999999999  0.44019000000000003 28.191544499999999 25.001999999999999 
 0 2 0.49082738961879446 2
8 0 0.49081999657817543
7 0 0  1 2 2  0.44019000000000003 28.191544499999999 25.001999999999999  0.29405130000000002 28.362772500000002 25.001999999999999 
 0 2 0.49081999657817543 2
8 0 0.49082337560063294
7 0 0  1 2 2  0.29405130000000002 28.362772500000002 25.001999999999999  0.14720309999999998 28.465657499999999 25.001999999999999 
 0 2 0.49082337560063294 2
8 0 0.4908249390862286
7 0 0  1 2 2  0.14720309999999998 28.465657499999999 25.001999999999999  0 28.5 25.001999999999999 
 0 2 0.4908249390862286 2
Polygon3D 0
PolygonOnTriangulations 0
Surfaces 1
9 0 0 0 0 1 1 2 2 2 2 -3 -28.5 25.001999999999999  -3 28.5 25.001999999999999  
3 -28.5 25.001999999999999  3 28.5 25.001999999999999  

-10.000000000000002 2
9.9999999999999982 2

-10 2
10 2

Triangulations 0

TShapes 258
Ve
2.85e-07
0 28.5 25.002
0 0

0101101
*
Ve
2.85e-07
-0.1472031 28.4656575 25.002
0 0

0101101
*
Ed
 2.85e-07 1 1 0
1  1 2 0 0.490824939086229
2  1 1 2 0 0.490824939086229
0

0101000
+258 2 -257 2 *
Ve
2.85e-07
-0.2940513 28.3627725 25.002
0 0

0101101
*
Ed
 2.85e-07 1 1 0
1  2 2 0 0.490823375600633
2  2 1 2 0 0.490823375600633
0

0101000
+257 2 -255 2 *
Ve
2.85e-07
-0.44019 28.1915445 25.002
0 0

0101101
*
Ed
 2.85e-07 1 1 0
1  3 2 0 0.490819996578175
2  3 1 2 0 0.490819996578175
0

0101000
+255 2 -253 2 *
Ve
2.85e-07
-0.58527 27.9523725 25.002
0 0

0101101
*
Ed
 2.85e-07 1 1 0
1  4 2 0 0.490827389618794
2  4 1 2 0 0.490827389618794
0

0101000
+253 2 -251 2 *
Ve
2.85e-07
-0.72894 27.6458835 25.002
0 0

0101101
*
Ed
 2.85e-07 1 1 0
1  5 2 0 0.49082589744226
2  5 1 2 0 0.49082589744226
0

0101000
+251 2 -249 2 *
Ve
2.85e-07
-0.870855 27.27279 25.002
0 0

0101101
*
Ed
 2.85e-07 1 1 0
1  6 2 0 0.490829635005874
2  6 1 2 0 0.490829635005874
0

0101000
+249 2 -247 2 *
Ve
2.85e-07
-1.01067 26.834004 25.002
0 0

0101101
*
Ed
 2.85e-07 1 1 0
1  7 2 0 0.49082204932134
2  7 1 2 0 0.49082204932134
0

0101000
+247 2 -245 2 *
Ve
2.85e-07
-1.148049 26.33058 25.002
0 0

0101101
*
Ed
 2.85e-07 1 1 0
1  8 2 0 0.490817251632418
2  8 1 2 0 0.490817251632418
0

0101000
+245 2 -243 2 *
Ve
2.85e-07
-1.282665 25.7636865 25.002
0 0

0101101
*
Ed
 2.85e-07 1 1 0
1  9 2 0 0.49083075137974
2  9 1 2 0 0.49083075137974
0

0101000
+243 2 -241 2 *
Ve
2.85e-07
-1.414191 25.1347485 25.002
0 0

0101101
*
Ed
 2.85e-07 1 1 0
1  10 2 0 0.490827626361842
2  10 1 2 0 0.490827626361842
0

0101000
+241 2 -239 2 *
Ve
2.85e-07
-1.542309 24.4452765 25.002
0 0

0101101
*
Ed
 2.85e-07 1 1 0
1  11 2 0 0.490821281119717
2  11 1 2 0 0.490821281119717
0

0101000
+239 2 -237 2 *
Ve
2.85e-07
-1.66671 23.696895 25.002
0 0

0101101
*
Ed
 2.85e-07 1 1 0
1  12 2 0 0.49082045291532
2  12 1 2 0 0.49082045291532
0

0101000
+237 2 -235 2 *
Ve
2.85e-07
-1.787097 22.891428 25.002
0 0

0101101
*
Ed
 2.85e-07 1 1 0
1  13 2 0 0.490823520728174
2  13 1 2 0 0.490823520728174
0

0101000
+235 2 -233 2 *
Ve
2.85e-07
-1.903179 22.030785 25.002
0 0

0101101
*
Ed
 2.85e-07 1 1 0
1  14 2 0 0.490830402481346
2  14 1 2 0 0.490830402481346
0

0101000
+233 2 -231 2 *
Ve
2.85e-07
-2.014677 21.1171035 25.002
0 0

0101101
*
Ed
 2.85e-07 1 1 0
1  15 2 0 0.490824921637033
2  15 1 2 0 0.490824921637033
0

0101000
+231 2 -229 2 *
Ve
2.85e-07
-2.121321 20.1525495 25.002
0 0

0101101
*
Ed
 2.85e-07 1 1 0
1  16 2 0 0.490823455022272
2  16 1 2 0 0.490823455022272
0

0101000
+229 2 -227 2 *
Ve
2.85e-07
-2.222853 19.1394315 25.002
0 0

0101101
*
Ed
 2.85e-07 1 1 0
1  17 2 0 0.490823455022272
2  17 1 2 0 0.490823455022272
0

0101000
+227 2 -225 2 *
Ve
2.85e-07
-2.31903 18.0802005 25.002
0 0

0101101
*
Ed
 2.85e-07 1 1 0
1  18 2 0 0.490824921637033
2  18 1 2 0 0.490824921637033
0

0101000
+225 2 -223 2 *
Ve
2.85e-07
-2.409624 16.9774215 25.002
0 0

0101101
*
Ed
 2.85e-07 1 1 0
1  19 2 0 0.490830402481346
2  19 1 2 0 0.490830402481346
0

0101000
+223 2 -221 2 *
Ve
2.85e-07
-2.49441 15.833745 25.002
0 0

0101101
*
Ed
 2.85e-07 1 1 0
1  20 2 0 0.490823520728174
2  20 1 2 0 0.490823520728174
0

0101000
+221 2 -219 2 *
Ve
2.85e-07
-2.573187 14.6519355 25.002
0 0

0101101
*
Ed
 2.85e-07 1 1 0
1  21 2 0 0.49082045291532
2  21 1 2 0 0.49082045291532
0

0101000
+219 2 -217 2 *
Ve
2.85e-07
-2.645763 13.4348145 25.002
0 0

0101101
*
Ed
 2.85e-07 1 1 0
1  22 2 0 0.490821281119717
2  22 1 2 0 0.490821281119717
0

0101000
+217 2 -215 2 *
Ve
2.85e-07
-2.711967 12.1853175 25.002
0 0

0101101
*
Ed
 2.85e-07 1 1 0
1  23 2 0 0.490827626361842
2  23 1 2 0 0.490827626361842
0

0101000
+215 2 -213 2 *
Ve
2.85e-07
-2.77164 10.9064655 25.002
0 0

0101101
*
Ed
 2.85e-07 1 1 0
1  24 2 0 0.49083075137974
2  24 1 2 0 0.49083075137974
0

0101000
+213 2 -211 2 *
Ve
2.85e-07
-2.824632 9.601365 25.002
0 0

0101101
*
Ed
 2.85e-07 1 1 0
1  25 2 0 0.490817251632418
2  25 1 2 0 0.490817251632418
0

0101000
+211 2 -209 2 *
Ve
2.85e-07
-2.87082 8.2731225 25.002
0 0

0101101
*
Ed
 2.85e-07 1 1 0
1  26 2 0 0.49082204932134
2  26 1 2 0 0.49082204932134
0

0101000
+209 2 -207 2 *
Ve
2.85e-07
-2.910093 6.92493 25.002
0 0

0101101
*
Ed
 2.85e-07 1 1 0
1  27 2 0 0.490829635005874
2  27 1 2 0 0.490829635005874
0

0101000
+207 2 -205 2 *
Ve
2.85e-07
-2.942355 5.560065 25.002
0 0

0101101
*
Ed
 2.85e-07 1 1 0
1  28 2 0 0.49082589744226
2  28 1 2 0 0.49082589744226
0

0101000
+205 2 -203 2 *
Ve
2.85e-07
-2.967531 4.181805 25.002
0 0

0101101
*
Ed
 2.85e-07 1 1 0
1  29 2 0 0.490827389618794
2  29 1 2 0 0.490827389618794
0

0101000
+203 2 -201 2 *
Ve
2.85e-07
-2.985555 2.79348735 25.002
0 0

0101101
*
Ed
 2.85e-07 1 1 0
1  30 2 0 0.490819996578175
2  30 1 2 0 0.490819996578175
0

0101000
+201 2 -199 2 *
Ve
2.85e-07
-2.996385 1.39842945 25.002
0 0

0101101
*
Ed
 2.85e-07 1 1 0
1  31 2 0 0.490823375600633
2  31 1 2 0 0.490823375600633
0

0101000
+199 2 -197 2 *
Ve
2.85e-07
-3 3.4902525e-15 25.002
0 0

0101101
*
Ed
 2.85e-07 1 1 0
1  32 2 0 0.490824939086227
2  32 1 2 0 0.490824939086227
0

0101000
+197 2 -195 2 *
Ve
2.85e-07
-2.996385 -1.39842945 25.002
0 0

0101101
*
Ed
 2.85e-07 1 1 0
1  33 2 0 0.49082493908623
2  33 1 2 0 0.49082493908623
0

0101000
+195 2 -193 2 *
Ve
2.85e-07
-2.985555 -2.79348735 25.002
0 0

0101101
*
Ed
 2.85e-07 1 1 0
1  34 2 0 0.490823375600633
2  34 1 2 0 0.490823375600633
0

0101000
+193 2 -191 2 *
Ve
2.85e-07
-2.967531 -4.181805 25.002
0 0

0101101
*
Ed
 2.85e-07 1 1 0
1  35 2 0 0.490819996578175
2  35 1 2 0 0.490819996578175
0

0101000
+191 2 -189 2 *
Ve
2.85e-07
-2.942355 -5.560065 25.002
0 0

0101101
*
Ed
 2.85e-07 1 1 0
1  36 2 0 0.490827389618794
2  36 1 2 0 0.490827389618794
0

0101000
+189 2 -187 2 *
Ve
2.85e-07
-2.910093 -6.92493 25.002
0 0

0101101
*
Ed
 2.85e-07 1 1 0
1  37 2 0 0.49082589744226
2  37 1 2 0 0.49082589744226
0

0101000
+187 2 -185 2 *
Ve
2.85e-07
-2.87082 -8.2731225 25.002
0 0

0101101
*
Ed
 2.85e-07 1 1 0
1  38 2 0 0.490829635005874
2  38 1 2 0 0.490829635005874
0

0101000
+185 2 -183 2 *
Ve
2.85e-07
-2.824632 -9.601365 25.002
0 0

0101101
*
Ed
 2.85e-07 1 1 0
1  39 2 0 0.49082204932134
2  39 1 2 0 0.49082204932134
0

0101000
+183 2 -181 2 *
Ve
2.85e-07
-2.77164 -10.9064655 25.002
0 0

0101101
*
Ed
 2.85e-07 1 1 0
1  40 2 0 0.490817251632418
2  40 1 2 0 0.490817251632418
0

0101000
+181 2 -179 2 *
Ve
2.85e-07
-2.711967 -12.1853175 25.002
0 0

0101101
*
Ed
 2.85e-07 1 1 0
1  41 2 0 0.49083075137974
2  41 1 2 0 0.49083075137974
0

0101000
+179 2 -177 2 *
Ve
2.85e-07
-2.645763 -13.4348145 25.002
0 0

0101101
*
Ed
 2.85e-07 1 1 0
1  42 2 0 0.490827626361842
2  42 1 2 0 0.490827626361842
0

0101000
+177 2 -175 2 *
Ve
2.85e-07
-2.573187 -14.6519355 25.002
0 0

0101101
*
Ed
 2.85e-07 1 1 0
1  43 2 0 0.490821281119717
2  43 1 2 0 0.490821281119717
0

0101000
+175 2 -173 2 *
Ve
2.85e-07
-2.49441 -15.833745 25.002
0 0

0101101
*
Ed
 2.85e-07 1 1 0
1  44 2 0 0.49082045291532
2  44 1 2 0 0.49082045291532
0

0101000
+173 2 -171 2 *
Ve
2.85e-07
-2.409624 -16.9774215 25.002
0 0

0101101
*
Ed
 2.85e-07 1 1 0
1  45 2 0 0.490823520728174
2  45 1 2 0 0.490823520728174
0

0101000
+171 2 -169 2 *
Ve
2.85e-07
-2.31903 -18.0802005 25.002
0 0

0101101
*
Ed
 2.85e-07 1 1 0
1  46 2 0 0.490830402481346
2  46 1 2 0 0.490830402481346
0

0101000
+169 2 -167 2 *
Ve
2.85e-07
-2.222853 -19.1394315 25.002
0 0

0101101
*
Ed
 2.85e-07 1 1 0
1  47 2 0 0.490824921637033
2  47 1 2 0 0.490824921637033
0

0101000
+167 2 -165 2 *
Ve
2.85e-07
-2.121321 -20.1525495 25.002
0 0

0101101
*
Ed
 2.85e-07 1 1 0
1  48 2 0 0.490823455022272
2  48 1 2 0 0.490823455022272
0

0101000
+165 2 -163 2 *
Ve
2.85e-07
-2.014677 -21.1171035 25.002
0 0

0101101
*
Ed
 2.85e-07 1 1 0
1  49 2 0 0.490823455022272
2  49 1 2 0 0.490823455022272
0

0101000
+163 2 -161 2 *
Ve
2.85e-07
-1.903179 -22.030785 25.002
0 0

0101101
*
Ed
 2.85e-07 1 1 0
1  50 2 0 0.490824921637033
2  50 1 2 0 0.490824921637033
0

0101000
+161 2 -159 2 *
Ve
2.85e-07
-1.787097 -22.891428 25.002
0 0

0101101
*
Ed
 2.85e-07 1 1 0
1  51 2 0 0.490830402481346
2  51 1 2 0 0.490830402481346
0

0101000
+159 2 -157 2 *
Ve
2.85e-07
-1.66671 -23.696895 25.002
0 0

0101101
*
Ed
 2.85e-07 1 1 0
1  52 2 0 0.490823520728174
2  52 1 2 0 0.490823520728174
0

0101000
+157 2 -155 2 *
Ve
2.85e-07
-1.542309 -24.4452765 25.002
0 0

0101101
*
Ed
 2.85e-07 1 1 0
1  53 2 0 0.49082045291532
2  53 1 2 0 0.49082045291532
0

0101000
+155 2 -153 2 *
Ve
2.85e-07
-1.414191 -25.1347485 25.002
0 0

0101101
*
Ed
 2.85e-07 1 1 0
1  54 2 0 0.490821281119717
2  54 1 2 0 0.490821281119717
0

0101000
+153 2 -151 2 *
Ve
2.85e-07
-1.282665 -25.7636865 25.002
0 0

0101101
*
Ed
 2.85e-07 1 1 0
1  55 2 0 0.490827626361842
2  55 1 2 0 0.490827626361842
0

0101000
+151 2 -149 2 *
Ve
2.85e-07
-1.148049 -26.33058 25.002
0 0

0101101
*
Ed
 2.85e-07 1 1 0
1  56 2 0 0.49083075137974
2  56 1 2 0 0.49083075137974
0

0101000
+149 2 -147 2 *
Ve
2.85e-07
-1.01067 -26.834004 25.002
0 0

0101101
*
Ed
 2.85e-07 1 1 0
1  57 2 0 0.490817251632418
2  57 1 2 0 0.490817251632418
0

0101000
+147 2 -145 2 *
Ve
2.85e-07
-0.870855 -27.27279 25.002
0 0

0101101
*
Ed
 2.85e-07 1 1 0
1  58 2 0 0.49082204932134
2  58 1 2 0 0.49082204932134
0

0101000
+145 2 -143 2 *
Ve
2.85e-07
-0.72894 -27.6458835 25.002
0 0

0101101
*
Ed
 2.85e-07 1 1 0
1  59 2 0 0.490829635005874
2  59 1 2 0 0.490829635005874
0

0101000
+143 2 -141 2 *
Ve
2.85e-07
-0.58527 -27.9523725 25.002
0 0

0101101
*
Ed
 2.85e-07 1 1 0
1  60 2 0 0.49082589744226
2  60 1 2 0 0.49082589744226
0

0101000
+141 2 -139 2 *
Ve
2.85e-07
-0.44019 -28.1915445 25.002
0 0

0101101
*
Ed
 2.85e-07 1 1 0
1  61 2 0 0.490827389618794
2  61 1 2 0 0.490827389618794
0

0101000
+139 2 -137 2 *
Ve
2.85e-07
-0.2940513 -28.3627725 25.002
0 0

0101101
*
Ed
 2.85e-07 1 1 0
1  62 2 0 0.490819996578175
2  62 1 2 0 0.490819996578175
0

0101000
+137 2 -135 2 *
Ve
2.85e-07
-0.1472031 -28.4656575 25.002
0 0

0101101
*
Ed
 2.85e-07 1 1 0
1  63 2 0 0.490823375600633
2  63 1 2 0 0.490823375600633
0

0101000
+135 2 -133 2 *
Ve
2.85e-07
-5.51091e-16 -28.5 25.002
0 0

0101101
*
Ed
 2.85e-07 1 1 0
1  64 2 0 0.490824939086227
2  64 1 2 0 0.490824939086227
0

0101000
+133 2 -131 2 *
Ve
2.85e-07
0.1472031 -28.4656575 25.002
0 0

0101101
*
Ed
 2.85e-07 1 1 0
1  65 2 0 0.49082493908623
2  65 1 2 0 0.49082493908623
0

0101000
+131 2 -129 2 *
Ve
2.85e-07
0.2940513 -28.3627725 25.002
0 0

0101101
*
Ed
 2.85e-07 1 1 0
1  66 2 0 0.490823375600633
2  66 1 2 0 0.490823375600633
0

0101000
+129 2 -127 2 *
Ve
2.85e-07
0.44019 -28.1915445 25.002
0 0

0101101
*
Ed
 2.85e-07 1 1 0
1  67 2 0 0.490819996578175
2  67 1 2 0 0.490819996578175
0

0101000
+127 2 -125 2 *
Ve
2.85e-07
0.58527 -27.9523725 25.002
0 0

0101101
*
Ed
 2.85e-07 1 1 0
1  68 2 0 0.490827389618794
2  68 1 2 0 0.490827389618794
0

0101000
+125 2 -123 2 *
Ve
2.85e-07
0.72894 -27.6458835 25.002
0 0

0101101
*
Ed
 2.85e-07 1 1 0
1  69 2 0 0.49082589744226
2  69 1 2 0 0.49082589744226
0

0101000
+123 2 -121 2 *
Ve
2.85e-07
0.870855 -27.27279 25.002
0 0

0101101
*
Ed
 2.85e-07 1 1 0
1  70 2 0 0.490829635005874
2  70 1 2 0 0.490829635005874
0

0101000
+121 2 -119 2 *
Ve
2.85e-07
1.01067 -26.834004 25.002
0 0

0101101
*
Ed
 2.85e-07 1 1 0
1  71 2 0 0.49082204932134
2  71 1 2 0 0.49082204932134
0

0101000
+119 2 -117 2 *
Ve
2.85e-07
1.148049 -26.33058 25.002
0 0

0101101
*
Ed
 2.85e-07 1 1 0
1  72 2 0 0.490817251632418
2  72 1 2 0 0.490817251632418
0

0101000
+117 2 -115 2 *
Ve
2.85e-07
1.282665 -25.7636865 25.002
0 0

0101101
*
Ed
 2.85e-07 1 1 0
1  73 2 0 0.49083075137974
2  73 1 2 0 0.49083075137974
0

0101000
+115 2 -113 2 *
Ve
2.85e-07
1.414191 -25.1347485 25.002
0 0

0101101
*
Ed
 2.85e-07 1 1 0
1  74 2 0 0.490827626361842
2  74 1 2 0 0.490827626361842
0

0101000
+113 2 -111 2 *
Ve
2.85e-07
1.542309 -24.4452765 25.002
0 0

0101101
*
Ed
 2.85e-07 1 1 0
1  75 2 0 0.490821281119717
2  75 1 2 0 0.490821281119717
0

0101000
+111 2 -109 2 *
Ve
2.85e-07
1.66671 -23.696895 25.002
0 0

0101101
*
Ed
 2.85e-07 1 1 0
1  76 2 0 0.49082045291532
2  76 1 2 0 0.49082045291532
0

0101000
+109 2 -107 2 *
Ve
2.85e-07
1.787097 -22.891428 25.002
0 0

0101101
*
Ed
 2.85e-07 1 1 0
1  77 2 0 0.490823520728174
2  77 1 2 0 0.490823520728174
0

0101000
+107 2 -105 2 *
Ve
2.85e-07
1.903179 -22.030785 25.002
0 0

0101101
*
Ed
 2.85e-07 1 1 0
1  78 2 0 0.490830402481346
2  78 1 2 0 0.490830402481346
0

0101000
+105 2 -103 2 *
Ve
2.85e-07
2.014677 -21.1171035 25.002
0 0

0101101
*
Ed
 2.85e-07 1 1 0
1  79 2 0 0.490824921637033
2  79 1 2 0 0.490824921637033
0

0101000
+103 2 -101 2 *
Ve
2.85e-07
2.121321 -20.1525495 25.002
0 0

0101101
*
Ed
 2.85e-07 1 1 0
1  80 2 0 0.490823455022272
2  80 1 2 0 0.490823455022272
0

0101000
+101 2 -99 2 *
Ve
2.85e-07
2.222853 -19.1394315 25.002
0 0

0101101
*
Ed
 2.85e-07 1 1 0
1  81 2 0 0.490823455022272
2  81 1 2 0 0.490823455022272
0

0101000
+99 2 -97 2 *
Ve
2.85e-07
2.31903 -18.0802005 25.002
0 0

0101101
*
Ed
 2.85e-07 1 1 0
1  82 2 0 0.490824921637033
2  82 1 2 0 0.490824921637033
0

0101000
+97 2 -95 2 *
Ve
2.85e-07
2.409624 -16.9774215 25.002
0 0

0101101
*
Ed
 2.85e-07 1 1 0
1  83 2 0 0.490830402481346
2  83 1 2 0 0.490830402481346
0

0101000
+95 2 -93 2 *
Ve
2.85e-07
2.49441 -15.833745 25.002
0 0

0101101
*
Ed
 2.85e-07 1 1 0
1  84 2 0 0.490823520728174
2  84 1 2 0 0.490823520728174
0

0101000
+93 2 -91 2 *
Ve
2.85e-07
2.573187 -14.6519355 25.002
0 0

0101101
*
Ed
 2.85e-07 1 1 0
1  85 2 0 0.49082045291532
2  85 1 2 0 0.49082045291532
0

0101000
+91 2 -89 2 *
Ve
2.85e-07
2.645763 -13.4348145 25.002
0 0

0101101
*
Ed
 2.85e-07 1 1 0
1  86 2 0 0.490821281119717
2  86 1 2 0 0.490821281119717
0

0101000
+89 2 -87 2 *
Ve
2.85e-07
2.711967 -12.1853175 25.002
0 0

0101101
*
Ed
 2.85e-07 1 1 0
1  87 2 0 0.490827626361842
2  87 1 2 0 0.490827626361842
0

0101000
+87 2 -85 2 *
Ve
2.85e-07
2.77164 -10.9064655 25.002
0 0

0101101
*
Ed
 2.85e-07 1 1 0
1  88 2 0 0.49083075137974
2  88 1 2 0 0.49083075137974
0

0101000
+85 2 -83 2 *
Ve
2.85e-07
2.824632 -9.601365 25.002
0 0

0101101
*
Ed
 2.85e-07 1 1 0
1  89 2 0 0.490817251632418
2  89 1 2 0 0.490817251632418
0

0101000
+83 2 -81 2 *
Ve
2.85e-07
2.87082 -8.2731225 25.002
0 0

0101101
*
Ed
 2.85e-07 1 1 0
1  90 2 0 0.49082204932134
2  90 1 2 0 0.49082204932134
0

0101000
+81 2 -79 2 *
Ve
2.85e-07
2.910093 -6.92493 25.002
0 0

0101101
*
Ed
 2.85e-07 1 1 0
1  91 2 0 0.490829635005874
2  91 1 2 0 0.490829635005874
0

0101000
+79 2 -77 2 *
Ve
2.85e-07
2.942355 -5.560065 25.002
0 0

0101101
*
Ed
 2.85e-07 1 1 0
1  92 2 0 0.49082589744226
2  92 1 2 0 0.49082589744226
0

0101000
+77 2 -75 2 *
Ve
2.85e-07
2.967531 -4.181805 25.002
0 0

0101101
*
Ed
 2.85e-07 1 1 0
1  93 2 0 0.490827389618794
2  93 1 2 0 0.490827389618794
0

0101000
+75 2 -73 2 *
Ve
2.85e-07
2.985555 -2.79348735 25.002
0 0

0101101
*
Ed
 2.85e-07 1 1 0
1  94 2 0 0.490819996578175
2  94 1 2 0 0.490819996578175
0

0101000
+73 2 -71 2 *
Ve
2.85e-07
2.996385 -1.39842945 25.002
0 0

0101101
*
Ed
 2.85e-07 1 1 0
1  95 2 0 0.490823375600633
2  95 1 2 0 0.490823375600633
0

0101000
+71 2 -69 2 *
Ve
2.85e-07
3 -6.9804765e-15 25.002
0 0

0101101
*
Ed
 2.85e-07 1 1 0
1  96 2 0 0.490824939086226
2  96 1 2 0 0.490824939086226
0

0101000
+69 2 -67 2 *
Ve
2.85e-07
2.996385 1.39842945 25.002
0 0

0101101
*
Ed
 2.85e-07 1 1 0
1  97 2 0 0.490824939086231
2  97 1 2 0 0.490824939086231
0

0101000
+67 2 -65 2 *
Ve
2.85e-07
2.985555 2.79348735 25.002
0 0

0101101
*
Ed
 2.85e-07 1 1 0
1  98 2 0 0.490823375600633
2  98 1 2 0 0.490823375600633
0

0101000
+65 2 -63 2 *
Ve
2.85e-07
2.967531 4.181805 25.002
0 0

0101101
*
Ed
 2.85e-07 1 1 0
1  99 2 0 0.490819996578175
2  99 1 2 0 0.490819996578175
0

0101000
+63 2 -61 2 *
Ve
2.85e-07
2.942355 5.560065 25.002
0 0

0101101
*
Ed
 2.85e-07 1 1 0
1  100 2 0 0.490827389618794
2  100 1 2 0 0.490827389618794
0

0101000
+61 2 -59 2 *
Ve
2.85e-07
2.910093 6.92493 25.002
0 0

0101101
*
Ed
 2.85e-07 1 1 0
1  101 2 0 0.49082589744226
2  101 1 2 0 0.49082589744226
0

0101000
+59 2 -57 2 *
Ve
2.85e-07
2.87082 8.2731225 25.002
0 0

0101101
*
Ed
 2.85e-07 1 1 0
1  102 2 0 0.490829635005874
2  102 1 2 0 0.490829635005874
0

0101000
+57 2 -55 2 *
Ve
2.85e-07
2.824632 9.601365 25.002
0 0

0101101
*
Ed
 2.85e-07 1 1 0
1  103 2 0 0.49082204932134
2  103 1 2 0 0.49082204932134
0

0101000
+55 2 -53 2 *
Ve
2.85e-07
2.77164 10.9064655 25.002
0 0

0101101
*
Ed
 2.85e-07 1 1 0
1  104 2 0 0.490817251632418
2  104 1 2 0 0.490817251632418
0

0101000
+53 2 -51 2 *
Ve
2.85e-07
2.711967 12.1853175 25.002
0 0

0101101
*
Ed
 2.85e-07 1 1 0
1  105 2 0 0.49083075137974
2  105 1 2 0 0.49083075137974
0

0101000
+51 2 -49 2 *
Ve
2.85e-07
2.645763 13.4348145 25.002
0 0

0101101
*
Ed
 2.85e-07 1 1 0
1  106 2 0 0.490827626361842
2  106 1 2 0 0.490827626361842
0

0101000
+49 2 -47 2 *
Ve
2.85e-07
2.573187 14.6519355 25.002
0 0

0101101
*
Ed
 2.85e-07 1 1 0
1  107 2 0 0.490821281119717
2  107 1 2 0 0.490821281119717
0

0101000
+47 2 -45 2 *
Ve
2.85e-07
2.49441 15.833745 25.002
0 0

0101101
*
Ed
 2.85e-07 1 1 0
1  108 2 0 0.49082045291532
2  108 1 2 0 0.49082045291532
0

0101000
+45 2 -43 2 *
Ve
2.85e-07
2.409624 16.9774215 25.002
0 0

0101101
*
Ed
 2.85e-07 1 1 0
1  109 2 0 0.490823520728174
2  109 1 2 0 0.490823520728174
0

0101000
+43 2 -41 2 *
Ve
2.85e-07
2.31903 18.0802005 25.002
0 0

0101101
*
Ed
 2.85e-07 1 1 0
1  110 2 0 0.490830402481346
2  110 1 2 0 0.490830402481346
0

0101000
+41 2 -39 2 *
Ve
2.85e-07
2.222853 19.1394315 25.002
0 0

0101101
*
Ed
 2.85e-07 1 1 0
1  111 2 0 0.490824921637033
2  111 1 2 0 0.490824921637033
0

0101000
+39 2 -37 2 *
Ve
2.85e-07
2.121321 20.1525495 25.002
0 0

0101101
*
Ed
 2.85e-07 1 1 0
1  112 2 0 0.490823455022272
2  112 1 2 0 0.490823455022272
0

0101000
+37 2 -35 2 *
Ve
2.85e-07
2.014677 21.1171035 25.002
0 0

0101101
*
Ed
 2.85e-07 1 1 0
1  113 2 0 0.490823455022272
2  113 1 2 0 0.490823455022272
0

0101000
+35 2 -33 2 *
Ve
2.85e-07
1.903179 22.030785 25.002
0 0

0101101
*
Ed
 2.85e-07 1 1 0
1  114 2 0 0.490824921637033
2  114 1 2 0 0.490824921637033
0

0101000
+33 2 -31 2 *
Ve
2.85e-07
1.787097 22.891428 25.002
0 0

0101101
*
Ed
 2.85e-07 1 1 0
1  115 2 0 0.490830402481346
2  115 1 2 0 0.490830402481346
0

0101000
+31 2 -29 2 *
Ve
2.85e-07
1.66671 23.696895 25.002
0 0

0101101
*
Ed
 2.85e-07 1 1 0
1  116 2 0 0.490823520728174
2  116 1 2 0 0.490823520728174
0

0101000
+29 2 -27 2 *
Ve
2.85e-07
1.542309 24.4452765 25.002
0 0

0101101
*
Ed
 2.85e-07 1 1 0
1  117 2 0 0.49082045291532
2  117 1 2 0 0.49082045291532
0

0101000
+27 2 -25 2 *
Ve
2.85e-07
1.414191 25.1347485 25.002
0 0

0101101
*
Ed
 2.85e-07 1 1 0
1  118 2 0 0.490821281119717
2  118 1 2 0 0.490821281119717
0

0101000
+25 2 -23 2 *
Ve
2.85e-07
1.282665 25.7636865 25.002
0 0

0101101
*
Ed
 2.85e-07 1 1 0
1  119 2 0 0.490827626361842
2  119 1 2 0 0.490827626361842
0

0101000
+23 2 -21 2 *
Ve
2.85e-07
1.148049 26.33058 25.002
0 0

0101101
*
Ed
 2.85e-07 1 1 0
1  120 2 0 0.49083075137974
2  120 1 2 0 0.49083075137974
0

0101000
+21 2 -19 2 *
Ve
2.85e-07
1.01067 26.834004 25.002
0 0

0101101
*
Ed
 2.85e-07 1 1 0
1  121 2 0 0.490817251632418
2  121 1 2 0 0.490817251632418
0

0101000
+19 2 -17 2 *
Ve
2.85e-07
0.870855 27.27279 25.002
0 0

0101101
*
Ed
 2.85e-07 1 1 0
1  122 2 0 0.49082204932134
2  122 1 2 0 0.49082204932134
0

0101000
+17 2 -15 2 *
Ve
2.85e-07
0.72894 27.6458835 25.002
0 0

0101101
*
Ed
 2.85e-07 1 1 0
1  123 2 0 0.490829635005874
2  123 1 2 0 0.490829635005874
0

0101000
+15 2 -13 2 *
Ve
2.85e-07
0.58527 27.9523725 25.002
0 0

0101101
*
Ed
 2.85e-07 1 1 0
1  124 2 0 0.49082589744226
2  124 1 2 0 0.49082589744226
0

0101000
+13 2 -11 2 *
Ve
2.85e-07
0.44019 28.1915445 25.002
0 0

0101101
*
Ed
 2.85e-07 1 1 0
1  125 2 0 0.490827389618794
2  125 1 2 0 0.490827389618794
0

0101000
+11 2 -9 2 *
Ve
2.85e-07
0.2940513 28.3627725 25.002
0 0

0101101
*
Ed
 2.85e-07 1 1 0
1  126 2 0 0.490819996578175
2  126 1 2 0 0.490819996578175
0

0101000
+9 2 -7 2 *
Ve
2.85e-07
0.1472031 28.4656575 25.002
0 0

0101101
*
Ed
 2.85e-07 1 1 0
1  127 2 0 0.490823375600633
2  127 1 2 0 0.490823375600633
0

0101000
+7 2 -5 2 *
Ed
 2.85e-07 1 1 0
1  128 2 0 0.490824939086229
2  128 1 2 0 0.490824939086229
0

0101000
+5 2 -258 2 *
Wi

0101100
+256 0 +254 0 +252 0 +250 0 +248 0 +246 0 +244 0 +242 0 +240 0 +238 0 
+236 0 +234 0 +232 0 +230 0 +228 0 +226 0 +224 0 +222 0 +220 0 +218 0 
+216 0 +214 0 +212 0 +210 0 +208 0 +206 0 +204 0 +202 0 +200 0 +198 0 
+196 0 +194 0 +192 0 +190 0 +188 0 +186 0 +184 0 +182 0 +180 0 +178 0 
+176 0 +174 0 +172 0 +170 0 +168 0 +166 0 +164 0 +162 0 +160 0 +158 0 
+156 0 +154 0 +152 0 +150 0 +148 0 +146 0 +144 0 +142 0 +140 0 +138 0 
+136 0 +134 0 +132 0 +130 0 +128 0 +126 0 +124 0 +122 0 +120 0 +118 0 
+116 0 +114 0 +112 0 +110 0 +108 0 +106 0 +104 0 +102 0 +100 0 +98 0 
+96 0 +94 0 +92 0 +90 0 +88 0 +86 0 +84 0 +82 0 +80 0 +78 0 
+76 0 +74 0 +72 0 +70 0 +68 0 +66 0 +64 0 +62 0 +60 0 +58 0 
+56 0 +54 0 +52 0 +50 0 +48 0 +46 0 +44 0 +42 0 +40 0 +38 0 
+36 0 +34 0 +32 0 +30 0 +28 0 +26 0 +24 0 +22 0 +20 0 +18 0 
+16 0 +14 0 +12 0 +10 0 +8 0 +6 0 +4 0 +3 0 *
Fa
0  2.85e-07 1 2

1111000
+2 0 *

+1 1 